-7.28583859910259E-17
0.06964463740587243
0.13921593129634852
0.20871396362781525
0.27813881635665894
0.3474905490875244
0.41676926612854004
0.4859750270843506
0.555107891559601
0.6241679787635801
0.6931553483009338
0.7620700597763062
0.830912172794342
0.899681806564331
0.9683790206909182
1.0370038747787476
1.1055564880371092
1.1740369796752932
1.2424452304840088
1.3107815980911255
1.379045844078064
1.4472383260726929
1.5153589248657227
1.5834077596664429
1.6513850688934326
1.7192907333374023
1.7871248722076416
1.8548874855041504
1.9225788116455078
1.9901989698410034
2.0577478408813477
2.1252255439758296
2.1926321983337402
2.259967803955078
2.327232599258423
2.3944265842437744
2.461549758911133
2.528602361679077
2.5955841541290283
2.6624956130981445
2.7293365001678467
2.7961068153381348
2.862807035446167
2.9294371604919434
2.995996952056885
3.06248664855957
3.1289062500000004
3.1952559947967525
3.2615358829498287
3.327745914459229
3.39388632774353
3.459956884384155
3.525958061218262
3.59188961982727
3.657751798629761
3.723544836044312
3.789268255233765
3.8549225330352788
3.920507907867432
3.986023902893067
4.05147123336792
4.116849422454834
4.182158946990967
4.24739933013916
4.312571048736572
4.377674579620361
4.442709445953369
4.507675647735596
4.572573184967041
4.6374030113220215
4.702164173126221
4.766857147216797
4.83148193359375
4.896039009094238
4.9605278968811035
5.024948596954346
5.089301586151123
5.1535868644714355
5.217804908752441
5.281954765319824
5.3460373878479
5.41005229949951
5.473999977111818
5.5378799438476545
5.601693153381349
5.665863513946531
5.730195522308351
5.79423141479492
5.858199596405031
5.922100543975828
5.98593378067017
6.049700260162351
6.113399505615235
6.177031517028807
6.240596771240238
6.304094791412351
6.367526054382325
6.430890560150145
6.494188308715822
6.557419776916502
6.620584011077883
6.683682441711424
6.746713638305666
6.8096790313720685
6.87257766723633
6.935410499572752
6.998177051544191
7.060877323150633
7.12351179122925
7.1860804557800275
7.248582839965822
7.3110194206237775
7.373390674591066
7.435695648193358
7.497935295104982
7.560109615325926
7.622218132019043
7.684261322021484
7.746239185333252
7.808152198791504
7.869999408721924
7.931781768798828
7.993499279022217
8.055150985717773
8.116738319396973
8.178260803222656
8.23971939086914
8.301112174987793
8.36244010925293
8.423704147338867
8.484903335571289
8.546037673950195
8.607108116149902
8.66811466217041
8.729056358337402
8.789934158325195
8.850748062133789
8.911497116088867
8.972183227539062
9.032804489135742
9.093362808227539
9.15385627746582
9.214286804199219
9.274653434753418
9.334957122802734
9.395196914672852
9.45537281036377
9.515485763549805
9.57553482055664
9.635521888732908
9.695444107055664
9.755304336547852
9.815101623535156
9.874835968017578
9.9345064163208
9.994114875793457
10.05366039276123
10.113143920898438
10.172563552856445
10.231921195983887
10.291216850280762
10.350448608398438
10.409619331359863
10.468727111816406
10.527772903442383
10.586756706237793
10.645678520202637
10.704537391662598
10.763335227966309
10.822070121765137
10.880743980407715
10.939355850219727
10.997905731201172
11.056394577026367
11.114821434020996
11.173187255859375
11.231491088867186
11.289732933044434
11.347914695739746
11.406034469604492
11.464093208312988
11.522090911865234
11.580026626586914
11.63790225982666
11.695716857910156
11.753470420837402
11.811163902282715
11.868795394897461
11.926366806030273
11.983878135681152
12.041328430175781
12.09871768951416
12.156046867370605
12.213315963745117
12.270524978637695
12.327672958374023
12.384760856628418
12.441789627075195
12.498757362365723
12.555665016174316
12.612513542175293
12.669301986694336
12.726030349731445
12.782698631286621
12.83930778503418
12.895856857299805
12.952346801757812
13.008777618408203
13.06514835357666
13.1214599609375
13.177712440490723
13.233904838562012
13.2900390625
13.346114158630371
13.402129173278809
13.458086013793945
13.513983726501465
13.569823265075684
13.625602722167972
13.681324005126953
13.736987113952637
13.792591094970703
13.848136901855469
13.903623580932617
13.959052085876465
14.014422416687012
14.069734573364258
14.124988555908203
14.180183410644531
14.235321044921875
14.290400505065918
14.34542179107666
14.400384902954102
14.455290794372559
14.510138511657715
14.56492805480957
14.619660377502441
14.674335479736328
14.728952407836914
14.783512115478516
14.838013648986816
14.89245891571045
14.946846008300781
15.001175880432129
15.055448532104492
15.109663963317871
15.163823127746582
15.217924118041992
15.271968841552734
15.325956344604492
15.379887580871582
15.433761596679688
15.487579345703125
15.541339874267578
15.595043182373047
15.648691177368164
15.702281951904297
15.755816459655762
15.809294700622559
15.862716674804688
15.916082382202148
15.969391822814941
16.02264404296875
16.075841903686523
16.128982543945312
16.18206787109375
16.235097885131836
16.288070678710938
16.340988159179688
16.393850326538086
16.446657180786133
16.499408721923828
16.55210304260254
16.6047420501709
16.65732765197754
16.709856033325195
16.7623291015625
16.814746856689453
16.867111206054688
16.919418334960938
16.97167205810547
17.023868560791016
17.076011657714844
17.12809944152832
17.180133819580075
17.23211097717285
17.284034729003906
17.33590316772461
17.387718200683594
17.439477920532227
17.491182327270508
17.54283332824707
17.59442901611328
17.645971298217773
17.697460174560547
17.74889373779297
17.80027198791504
17.85159683227539
17.902868270874023
17.954086303710938
18.0052490234375
18.056358337402344
18.10741424560547
18.158416748046875
18.20936393737793
18.2602596282959
18.311100006103516
18.361886978149414
18.412620544433594
18.463300704956055
18.513927459716797
18.564502716064453
18.615022659301758
18.665489196777344
18.715904235839844
18.766265869140625
18.816572189331055
18.86682891845703
18.917030334472656
18.967180252075195
19.017276763916016
19.067319869995117
19.117311477661133
19.16724967956543
19.217134475708008
19.2669677734375
19.316749572753906
19.36647605895996
19.416152954101562
19.465776443481445
19.515348434448242
19.56486701965332
19.614334106445312
19.66374969482422
19.713111877441406
19.762422561645508
19.811681747436523
19.86088943481445
19.910043716430664
19.959148406982422
20.00819969177246
20.057199478149414
20.106149673461914
20.155046463012695
20.20389175415039
20.252685546875
20.301427841186523
20.350120544433594
20.398759841918945
20.447349548339844
20.495885848999023
20.54437255859375
20.59280776977539
20.641193389892578
20.68952751159668
20.737810134887695
20.786041259765625
20.8342227935791
20.882352828979492
20.93043327331543
20.97846221923828
21.026439666748047
21.07436752319336
21.12224578857422
21.170072555541992
21.217849731445312
21.265575408935547
21.313251495361328
21.360877990722656
21.4084529876709
21.455978393554688
21.503454208374023
21.550880432128906
21.598255157470703
21.64558219909668
21.69285774230957
21.740083694458008
21.787260055541992
21.834386825561523
21.8814640045166
21.928491592407227
21.9754695892334
22.022397994995117
22.069276809692383
22.116107940673828
22.162887573242188
22.209619522094727
22.25629997253418
22.302932739257812
22.349517822265625
22.39605140686035
22.442537307739258
22.48897361755371
22.535362243652344
22.581701278686523
22.62799072265625
22.674232482910156
22.72042465209961
22.766569137573242
22.812665939331055
22.85871124267578
22.90471076965332
22.950660705566406
22.996562957763672
23.042415618896484
23.088220596313477
23.13397789001465
23.179685592651367
23.225345611572266
23.270957946777344
23.3165225982666
23.36203956604004
23.407506942749023
23.45292854309082
23.498300552368164
23.54362678527832
23.588903427124023
23.634132385253906
23.6793155670166
23.724449157714844
23.769535064697266
23.8145751953125
23.859567642211914
23.904512405395508
23.94940948486328
23.994258880615234
24.039060592651367
24.083816528320312
24.128524780273438
24.173187255859375
24.21780014038086
24.262367248535156
24.306888580322266
24.351362228393555
24.395788192749023
24.440168380737305
24.484500885009766
24.52878761291504
24.5730266571045
24.617219924926758
24.661367416381836
24.705467224121094
24.749521255493164
24.793529510498047
24.83749008178711
24.881404876708984
24.92527198791504
24.96909523010254
25.01287078857422
25.05660057067871
25.100284576416016
25.143922805786133
25.187515258789062
25.231061935424805
25.274560928344727
25.318016052246094
25.361425399780273
25.404787063598633
25.448104858398438
25.491376876831055
25.534603118896484
25.577783584594727
25.62091827392578
25.66400909423828
25.70705223083496
25.750051498413086
25.793004989624023
25.835914611816406
25.87877655029297
25.921594619750977
25.96436882019043
26.007097244262695
26.049779891967773
26.092418670654297
26.135011672973633
26.17755889892578
26.220062255859375
26.262521743774414
26.304935455322266
26.347305297851562
26.389629364013672
26.431909561157227
26.474145889282227
26.51633644104004
26.558483123779297
26.6005859375
26.64264488220215
26.68465805053711
26.726627349853516
26.768552780151367
26.810434341430664
26.852272033691406
26.89406394958496
26.935813903808594
26.97751808166504
27.019180297851562
27.0607967376709
27.102371215820312
27.14389991760254
27.185386657714844
27.22682762145996
27.268226623535156
27.309581756591797
27.350893020629883
27.392162322998047
27.433385848999023
27.474567413330078
27.515705108642578
27.556798934936523
27.597850799560547
27.638858795166016
27.67982292175293
27.720745086669922
27.76162338256836
27.802457809448242
27.843250274658203
27.884000778198242
27.924707412719727
27.965370178222656
28.005990982055664
28.04656982421875
28.08710479736328
28.12759780883789
28.168048858642578
28.20845603942871
28.248821258544922
28.289142608642578
28.329421997070312
28.369659423828125
28.409854888916016
28.450008392333984
28.4901180267334
28.530187606811523
28.570213317871094
28.610197067260742
28.65013885498047
28.690038681030273
28.729896545410156
28.769712448120117
28.809486389160156
28.849218368530273
28.88890838623047
28.928556442260742
28.968162536621094
29.007728576660156
29.047250747680664
29.086732864379883
29.12617301940918
29.165571212768555
29.20492935180664
29.244243621826172
29.283517837524414
29.322751998901367
29.361942291259766
29.401092529296875
29.440202713012695
29.47926902770996
29.51829719543457
29.557281494140625
29.59622573852539
29.635129928588867
29.673992156982422
29.712814331054688
29.75159454345703
29.790334701538086
29.82903480529785
29.867692947387695
29.90631103515625
29.944887161254883
29.983423233032227
30.02191925048828
30.060375213623047
30.09878921508789
30.137163162231445
30.17549705505371
30.213790893554688
30.252044677734375
30.29025650024414
30.32843017578125
30.366561889648438
30.40465545654297
30.442707061767578
30.4807186126709
30.51869010925293
30.556623458862305
30.594514846801758
30.632368087768555
30.67017936706543
30.70795249938965
30.745685577392578
30.78337860107422
30.82103157043457
30.858646392822266
30.89621925354004
30.933753967285156
30.971248626708984
31.008705139160156
31.04612159729004
31.083498001098633
31.120834350585938
31.158132553100586
31.195392608642578
31.23261070251465
31.269792556762695
31.30693244934082
31.34403419494629
31.3810977935791
31.418121337890625
31.455106735229492
31.49205207824707
31.528959274291992
31.565828323364258
31.602657318115234
31.639448165893555
31.67620086669922
31.712913513183594
31.749588012695312
31.786224365234375
31.82282066345215
31.8593807220459
31.89590072631836
31.932382583618164
31.968826293945312
32.00522994995117
32.04159927368164
32.07792663574219
32.11421585083008
32.15046691894531
32.18667984008789
32.22285842895508
32.258995056152344
32.29509353637695
32.33115768432617
32.36717987060547
32.40316390991211
32.43911361694336
32.47502136230469
32.510894775390625
32.546730041503906
32.582523345947266
32.618282318115234
32.65400695800781
32.68968963623047
32.72533416748047
32.76094436645508
32.796512603759766
32.83204650878906
32.8675422668457
32.90300369262695
32.93842315673828
32.97380828857422
33.0091552734375
33.044464111328125
33.0797348022461
33.11497116088868
33.150169372558594
33.18532943725586
33.220455169677734
33.25554275512695
33.290592193603516
33.32560348510742
33.36058044433594
33.3955192565918
33.430423736572266
33.46529006958008
33.500118255615234
33.534912109375
33.56966781616211
33.60438537597656
33.639068603515625
33.67371368408203
33.70832443237305
33.742897033691406
33.777435302734375
33.81193542480469
33.84640121459961
33.880828857421875
33.915218353271484
33.9495735168457
33.98389434814453
34.0181770324707
34.052425384521484
34.08663558959961
34.12080764770508
34.15494918823242
34.18905258178711
34.22311782836914
34.25714874267578
34.29114532470703
34.325103759765625
34.35902786254883
34.39291763305664
34.4267692565918
34.46058654785156
34.49436569213867
34.52811050415039
34.56182098388672
34.595497131347656
34.62913513183594
34.66273880004883
34.69630813598633
34.72983932495117
34.763336181640625
34.79679870605469
34.83022689819336
34.86362075805664
34.896976470947266
34.9302978515625
34.963584899902344
34.99683380126953
35.030052185058594
35.063232421875
35.096378326416016
35.12948989868164
35.162567138671875
35.19561004638672
35.22861862182617
35.26158905029297
35.294525146484375
35.327430725097656
35.36029815673828
35.393131256103516
35.42593002319336
35.45869445800781
35.491424560546875
35.52412033081055
35.55678176879883
35.58940887451172
35.62200164794922
35.65456008911133
35.68708419799805
35.719573974609375
35.75202941894531
35.78445053100586
35.816837310791016
35.84918975830078
35.881507873535156
35.91379165649414
35.946044921875
35.9782600402832
36.01044464111328
36.0425910949707
36.07470703125
36.106788635253906
36.13883590698242
36.17084884643555
36.20283126831055
36.23477554321289
36.26668930053711
36.29856872558594
36.330413818359375
36.36222457885742
36.394004821777344
36.425750732421875
36.457462310791016
36.489139556884766
36.52078628540039
36.55239486694336
36.58397674560547
36.61552047729492
36.647029876708984
36.67850875854492
36.709957122802734
36.74136734008789
36.77274703979492
36.80409240722656
36.83540725708008
36.8666877746582
36.89793395996094
36.92914962768555
36.960330963134766
36.991477966308594
37.0225944519043
37.053680419921875
37.0847282409668
37.115745544433594
37.146732330322266
37.17768478393555
37.20860290527344
37.2394905090332
37.270347595214844
37.301170349121094
37.33195877075195
37.36271667480469
37.39344024658203
37.42413330078125
37.454795837402344
37.48542022705078
37.51601791381836
37.54658126831055
37.57711410522461
37.60761260986328
37.63808059692383
37.668514251708984
37.698917388916016
37.72929000854492
37.75962829589844
37.78993606567383
37.82020950317383
37.8504524230957
37.88066482543945
37.91084289550781
37.94099044799805
37.971107482910156
38.001190185546875
38.031246185302734
38.06126403808594
38.09125518798828
38.121212005615234
38.15113830566406
38.181034088134766
38.21089553833008
38.24073028564453
38.270530700683594
38.300296783447266
38.33003616333008
38.3597412109375
38.38941955566406
38.41905975341797
38.448673248291016
38.47825622558594
38.50780487060547
38.53732681274414
38.56681442260742
38.59627151489258
38.62569808959961
38.65509033203125
38.68445587158203
38.71378707885742
38.74309158325195
38.772361755371094
38.80160140991211
38.830814361572266
38.85999298095703
38.88914108276367
38.91825866699219
38.94734573364258
38.976402282714844
39.005428314208984
39.034420013427734
39.063385009765625
39.09231948852539
39.12122344970703
39.15009689331055
39.17893981933594
39.2077522277832
39.236534118652344
39.26528549194336
39.29400634765625
39.32270050048828
39.35136032104492
39.37998962402344
39.408592224121094
39.437164306640625
39.465702056884766
39.49421310424805
39.5226936340332
39.551143646240234
39.57956314086914
39.60795593261719
39.636314392089844
39.66464614868164
39.69294738769531
39.72121810913086
39.74946212768555
39.777671813964844
39.80585479736328
39.834007263183594
39.86212921142578
39.890220642089844
39.91828536987305
39.946319580078125
39.97432327270508
40.00230026245117
40.030242919921875
40.05815887451172
40.0860481262207
40.1139030456543
40.14173126220703
40.16952896118164
40.19729995727539
40.225040435791016
40.252750396728516
40.280433654785156
40.30808639526367
40.33570861816406
40.36330032348633
40.390869140625
40.41840362548828
40.4459114074707
40.473388671875
40.50083923339844
40.52825927734375
40.55564880371094
40.583011627197266
40.610347747802734
40.63765335083008
40.6649284362793
40.692176818847656
40.71939468383789
40.746585845947266
40.773746490478516
40.800880432128906
40.82798385620117
40.85506057739258
40.88210678100586
40.90912628173828
40.93611526489258
40.963077545166016
40.990013122558594
41.01691818237305
41.04379653930664
41.07064437866211
41.09746551513672
41.1242561340332
41.15102005004883
41.177757263183594
41.204463958740234
41.231143951416016
41.25779342651367
41.28441619873047
41.311012268066406
41.337581634521484
41.36412048339844
41.39063262939453
41.4171142578125
41.44356918334961
41.46999740600586
41.49639892578125
41.522769927978516
41.54911422729492
41.57543182373047
41.60171890258789
41.62797927856445
41.654212951660156
41.680419921875
41.70659637451172
41.732749938964844
41.758872985839844
41.78496551513672
41.81103515625
41.837074279785156
41.86309051513672
41.889076232910156
41.915035247802734
41.94096374511719
41.96686935424805
41.99274444580078
42.01859664916992
42.04441833496094
42.070213317871094
42.095977783203125
42.12171936035156
42.14743423461914
42.173118591308594
42.19878005981445
42.22441101074219
42.25001907348633
42.275596618652344
42.30114746093751
42.32667160034178
42.35216903686524
42.37763977050782
42.40308380126952
42.4285011291504
42.4538917541504
42.47925567626952
42.50459289550782
42.52990341186524
42.55518722534178
42.58044433593751
42.60567474365235
42.630878448486314
42.65605545043946
42.681205749511726
42.706333160400376
42.731430053710945
42.75650024414063
42.781547546386705
42.806564331054695
42.83155822753907
42.8565216064453
42.881462097167976
42.90637588500977
42.93126296997069
42.95612335205079
42.98096084594727
43.00576782226561
43.0305519104004
43.05530548095704
43.080036163330064
43.10474395751954
43.12942123413087
43.154071807861314
43.17869949340821
43.203300476074226
43.22787475585936
43.25242233276368
43.27694702148438
43.30144119262694
43.325912475585945
