1
0.9999999178788844
0.9999999178788844
1.1666888539799822
1.3332219545737578
1.3332219545737578
1.4997550551675336
1.4997550551675336
1.6662881557613094
1.6792798768441108
1.6792798768441108
1.8458129774206484
1.8458129774206484
2.0121010913982946
2.178389205375941
2.178389205375941
2.344677319353587
2.344677319353587
2.5109654333312332
2.677253547308879
2.677253547308879
2.7409513108125783
2.7409513108125783
2.9072394247886746
3.07319348589764
3.07319348589764
3.239147547006606
3.239147547006606
3.4051016081155714
3.571055669224537
3.5710556692245365
3.737009730333502
3.737009730333502
3.9029637914424677
4.068917852551434
4.068917852551434
4.157193499147761
4.157193499147761
4.3231475600565
4.48867837868886
4.48867837868886
4.65420919732122
4.65420919732122
4.819740015953579
4.985270834585939
4.985270834585939
5.1508016532182985
5.1508016532182985
5.316332471850658
5.481863290483018
5.481863290483018
5.647394109115377
5.647394109115377
5.812924927747737
5.915494365038859
5.9154943650388585
6.081025183671474
6.081025183671474
6.24604366433773
6.411062145003986
6.411062145003987
6.576080625670243
6.576080625670242
6.741099106336498
6.906117587002754
6.906117587002754
7.07113606766901
7.071136067669011
7.236154548335267
7.401173029001523
7.401173029001523
7.566191509667779
7.566191509667779
7.731209990334035
7.896228471000291
7.896228471000292
8.007369288589613
8.007369288589613
8.172387769257607
8.336804711957145
8.336804711957145
8.501221654656682
8.501221654656682
8.665638597356219
8.830055540055756
8.830055540055756
8.994472482755294
8.994472482755294
9.15888942545483
9.323306368154368
9.323306368154368
9.487723310853905
9.487723310853905
9.652140253553442
9.81655719625298
9.81655719625298
9.980974138952517
9.980974138952517
10.145391081652054
10.309808024351591
10.309808024351593
10.42675330277176
10.42675330277176
10.591170245471279
10.75489656678143
10.75489656678143
10.91862288809158
10.91862288809158
11.08234920940173
11.246075530711881
11.246075530711881
11.409801852022031
11.409801852022031
11.573528173332182
11.737254494642333
11.737254494642333
11.900980815952483
11.900980815952483
12.064707137262634
12.228433458572784
12.228433458572784
12.392159779882935
12.392159779882935
12.555886101193085
12.719612422503236
12.719612422503236
12.883338743813386
12.883338743813386
13.047065065123537
13.167310470147987
13.167310470147985
13.331036791457343
13.331036791457343
13.49398334214863
13.656929892839916
13.656929892839916
13.819876443531202
13.819876443531202
13.982822994222488
14.145769544913774
14.145769544913776
14.308716095605062
14.308716095605062
14.471662646296348
14.634609196987634
14.634609196987633
14.797555747678919
14.797555747678919
14.960502298370205
15.123448849061491
15.12344884906149
15.286395399752776
15.286395399752776
15.449341950444062
15.612288501135348
15.612288501135348
15.775235051826634
15.775235051826634
15.93818160251792
16.101128153209206
16.101128153209206
16.223564131271704
16.223564131271704
16.38651068196257
16.548588473789266
16.548588473789266
16.710666265615963
16.710666265615963
16.87274405744266
17.034821849269356
17.034821849269356
17.196899641096053
17.196899641096053
17.35897743292275
17.521055224749446
17.521055224749446
17.683133016576143
17.683133016576143
17.84521080840284
18.007288600229536
18.007288600229536
18.169366392056233
18.169366392056233
18.33144418388293
18.493521975709626
18.493521975709626
18.655599767536323
18.655599767536323
18.81767755936302
18.979755351189716
18.979755351189716
19.141833143016413
19.141833143016413
19.30391093484311
19.465988726669806
19.465988726669806
19.589163033576533
19.589163033576533
19.751240824840373
19.91236086937889
19.91236086937889
20.073480913917408
20.073480913917408
20.234600958455925
20.395721002994442
20.395721002994442
20.55684104753296
20.55684104753296
20.717961092071477
20.879081136609994
20.87908113660999
21.040201181148507
21.040201181148507
21.201321225687025
21.362441270225542
21.36244127022554
21.523561314764056
21.52356131476406
21.684681359302576
21.84580140384109
21.84580140384109
22.006921448379607
22.006921448379607
22.168041492918125
22.329161537456645
22.329161537456645
22.490281581995163
22.490281581995163
22.65140162653368
22.812521671072194
22.81252167107219
22.973641715610707
22.973641715610707
23.13476176014922
23.258162257780214
23.258162257780214
23.419282302323115
23.419282302323115
23.57935584849108
23.739429394659044
23.73942939465904
23.899502940827006
23.899502940827006
24.05957648699497
24.219650033162935
24.219650033162935
24.3797235793309
24.3797235793309
24.539797125498865
24.69987067166683
24.69987067166683
24.859944217834794
24.859944217834794
25.02001776400276
25.180091310170724
25.180091310170724
25.34016485633869
25.34016485633869
25.500238402506653
25.660311948674618
25.660311948674618
25.820385494842583
25.820385494842583
25.980459041010548
26.140532587178512
26.140532587178512
26.300606133346477
26.300606133346477
26.460679679514442
26.620753225682407
26.620753225682407
26.78082677185037
26.78082677185037
26.940900318018336
27.1009738641863
27.1009738641863
27.223462663600085
27.22346266360009
27.383536209767502
27.542474609569567
27.542474609569567
27.70141300937163
27.70141300937163
27.860351409173695
28.01928980897576
28.019289808975756
28.17822820877782
28.17822820877782
28.337166608579885
28.49610500838195
28.496105008381953
28.655043408184017
28.655043408184017
28.81398180798608
28.972920207788146
28.972920207788146
29.13185860759021
29.13185860759021
29.290797007392275
29.44973540719434
29.44973540719434
29.608673806996403
29.6086738069964
29.767612206798464
29.926550606600532
29.92655060660053
30.085489006402593
30.08548900640259
30.244427406204654
30.40336580600672
30.40336580600672
30.562304205808783
30.562304205808783
30.721242605610847
30.88018100541291
30.88018100541291
31.039119405214976
31.039119405214976
31.19805780501704
31.3569962048191
31.3569962048191
31.478363056445023
31.478363056445026
31.636697877166977
31.790568123885464
31.790568123885464
31.944438370603955
31.944438370603955
32.098308617322445
32.252178864040935
32.252178864040935
32.406049110759426
32.406049110759426
32.559919357477916
32.71378960419641
32.71378960419641
32.8676598509149
32.8676598509149
33.02153009763339
33.17540034435188
33.17540034435188
33.32927059107037
33.32927059107037
33.48314083778886
33.63701108450735
33.63701108450735
33.79088133122584
33.79088133122584
33.94475157794433
34.09862182466282
34.09862182466282
34.25249207138131
34.25249207138131
34.4063623180998
34.56023256481829
34.56023256481829
34.71410281153678
34.71410281153678
34.867973058255274
35.021843304973764
35.021843304973764
35.175713551692255
35.175713551692255
35.329583798410745
35.483454045129236
35.483454045129236
35.637324291847726
35.637324291847726
35.79119453856622
35.94506478528471
35.94506478528471
36.0989350320032
36.0989350320032
36.25280527872169
36.40667552544018
36.40667552544018
36.56054577215867
36.56054577215867
36.71441601887716
36.86828626559565
36.86828626559565
37.02215651231414
37.02215651231414
37.17602675903263
37.32989700575112
37.32989700575112
37.34632770101495
37.34632770101495
37.500197947978286
37.652337412107805
37.652337412107805
37.804476876237324
37.804476876237324
37.95661634036684
38.10875580449636
38.10875580449636
38.26089526862588
38.26089526862588
38.4130347327554
38.56517419688492
38.56517419688492
38.71731366101444
38.71731366101444
38.869453125143956
39.021592589273475
39.021592589273475
39.17373205340299
39.17373205340299
39.32587151753251
39.47801098166203
39.47801098166203
39.63015044579155
39.63015044579155
39.78228990992107
39.93442937405059
39.93442937405059
40.086568838180106
40.086568838180106
40.238708302309625
40.390847766439144
40.390847766439144
40.54298723056866
40.54298723056866
40.69512669469818
40.8472661588277
40.8472661588277
40.99940562295722
40.99940562295722
41.15154508708674
41.30368455121626
41.30368455121626
41.455824015345776
41.455824015345776
41.607963479475295
41.760102943604814
41.760102943604814
41.91224240773433
41.91224240773433
42.06438187186385
42.21652133599337
42.21652133599337
42.36866080012289
42.36866080012289
42.52080026425241
42.67293972838192
42.67293972838192
42.82507919251144
42.82507919251144
42.97721865664096
43.129358120770476
43.129358120770476
43.281497584899995
43.281497584899995
43.433637049029514
43.58577651315903
43.58577651315903
43.62846723515958
43.628467235159576
43.78060669880164
43.93090859330723
43.93090859330723
44.081210487812825
44.081210487812825
44.23151238231842
44.38181427682401
44.38181427682401
44.532116171329605
44.532116171329605
44.6824180658352
44.832719960340796
44.832719960340796
44.98302185484639
44.98302185484639
45.13332374935199
45.28362564385758
45.283625643857576
45.43392753836317
45.433927538363164
45.58422943286876
45.73453132737436
45.734531327374356
45.88483322187995
45.88483322187995
46.03513511638555
46.18543701089114
46.18543701089114
46.33573890539674
46.33573890539674
46.486040799902334
46.63634269440793
46.63634269440793
46.786644588913525
46.786644588913525
46.93694648341911
47.08724837792471
47.08724837792471
47.237550272430305
47.237550272430305
47.3878521669359
47.538154061441496
47.538154061441496
47.68845595594709
47.68845595594709
47.83875785045269
47.98905974495828
47.98905974495828
48.13936163946388
48.139361639463885
48.28966353396948
48.43996542847507
48.43996542847506
48.59026732298066
48.59026732298066
48.740569217486254
48.89087111199185
48.89087111199185
49.041173006497445
49.041173006497445
49.19147490100304
49.341776795508636
49.341776795508636
49.49207869001423
49.49207869001423
49.64238058451983
49.79268247902542
49.79268247902543
49.942984373531026
49.94298437353102
50.093286268036614
50.24358816254221
50.24358816254221
50.249183022546944
50.249183022546944
50.399484917056704
50.54783293412594
50.54783293412594
50.696180951195174
50.696180951195174
50.844528968264406
50.99287698533364
50.99287698533364
51.14122500240287
51.14122500240287
51.2895730194721
51.43792103654133
51.43792103654134
51.58626905361057
51.586269053610565
51.734617070679796
51.88296508774903
51.88296508774903
52.03131310481826
52.03131310481826
52.17966112188749
52.32800913895672
52.32800913895673
52.47635715602596
52.476357156025955
52.62470517309519
52.77305319016442
52.77305319016442
52.92140120723365
52.92140120723365
53.06974922430288
53.218097241372114
53.21809724137211
53.36644525844134
53.36644525844133
53.51479327551056
53.6631412925798
53.66314129257981
53.81148930964904
53.81148930964904
53.95983732671827
54.108185343787504
54.108185343787504
54.256533360856736
54.256533360856736
54.40488137792597
54.5532293949952
54.5532293949952
54.70157741206443
54.70157741206444
54.84992542913367
54.998273446202894
54.998273446202894
55.146621463272126
55.146621463272126
55.29496948034136
55.44331749741059
55.44331749741059
55.59166551447982
55.59166551447982
55.74001353154905
55.888361548618285
55.888361548618285
56.03670956568752
56.03670956568752
56.18505758275675
56.33340559982598
56.33340559982598
56.48175361689521
56.481753616895205
56.630101633964436
56.77844965103366
56.77844965103366
56.92679766810289
56.92679766810289
57.075145685172124
57.223493702241356
57.223493702241356
57.25503154767191
57.25503154767192
57.40337956474836
57.54967479283414
57.54967479283414
57.695970020919916
57.695970020919916
57.84226524900569
57.98856047709147
57.98856047709147
58.134855705177245
58.134855705177245
58.28115093326302
58.4274461613488
58.4274461613488
58.57374138943457
58.57374138943457
58.72003661752035
58.866331845606126
58.866331845606126
59.0126270736919
59.0126270736919
59.15892230177768
59.305217529863455
59.305217529863455
59.45151275794923
59.45151275794923
59.59780798603501
59.744103214120784
59.744103214120784
59.89039844220656
59.89039844220656
60.03669367029234
60.18298889837811
60.18298889837811
60.32928412646389
60.32928412646389
60.475579354549666
60.62187458263544
60.62187458263544
60.76816981072122
60.76816981072122
60.914465038806995
61.06076026689277
61.06076026689277
61.20705549497855
61.20705549497855
61.353350723064324
61.4996459511501
61.4996459511501
61.64594117923588
61.64594117923588
61.79223640732165
61.93853163540743
61.93853163540743
62.084826863493205
62.084826863493205
62.23112209157898
62.37741731966476
62.37741731966476
62.523712547750534
62.523712547750534
62.67000777583631
62.81630300392209
62.81630300392209
62.96259823200786
62.96259823200786
63.10889346009364
63.255188688179416
63.255188688179416
63.40148391626519
63.40148391626519
63.54777914435097
63.694074372436745
63.694074372436745
63.84036960052252
63.84036960052252
63.9866648286083
64.13296005669407
64.13296005669407
64.27925528477985
64.27925528477985
64.42555051286563
64.56755882292948
64.56755882292948
64.7271136849026
64.7271136849026
64.87346271373995
65.0198117425773
65.0198117425773
65.16616077141465
65.16616077141465
65.312509800252
65.45885882908935
65.45885882908935
65.6052078579267
65.6052078579267
65.75155688676405
65.8979059156014
65.8979059156014
66.04425494443875
66.04425494443875
66.1906039732761
66.33695300211345
66.33695300211345
66.4833020309508
66.4833020309508
66.62965105978815
66.7760000886255
66.7760000886255
66.92234911746284
66.92234911746284
67.06869814630019
67.21504717513754
67.21504717513754
67.36139620397489
67.36139620397489
67.50774523281224
67.65409426164959
67.65409426164959
67.80044329048694
67.80044329048694
67.94679231932429
68.09314134816164
68.09314134816164
68.23949037699899
68.23949037699899
68.38583940583634
68.53218843467369
68.53218843467369
68.67853746351103
68.67853746351103
68.82488649234838
68.97123552118573
68.97123552118573
69.11758455002308
69.11758455002308
69.26393357886043
69.41028260769778
69.41028260769778
69.55663163653513
69.55663163653513
69.70298066537248
69.84932969420983
69.84932969420983
69.99567872304718
69.99567872304718
70.14202775188453
70.28837678072188
70.28837678072188
70.43472580955923
70.43472580955923
70.58107483839657
70.72742386723392
70.72742386723392
70.87377289607127
70.87377289607127
71.02012192490862
71.16647095374597
71.16647095374597
71.31281998258332
71.31281998258332
71.45916901142067
71.57011726324075
71.57011726324075
71.71646629207814
71.71646629207814
71.8607570142532
72.00504773642825
72.00504773642825
72.14933845860331
72.14933845860331
72.29362918077837
72.43791990295342
72.43791990295342
72.58221062512848
72.58221062512848
72.72650134730354
72.8707920694786
72.8707920694786
73.01508279165365
73.01508279165365
73.15937351382871
73.30366423600377
73.30366423600377
73.44795495817883
73.44795495817883
73.59224568035388
73.73653640252894
73.73653640252894
73.880827124704
73.880827124704
74.02511784687906
74.16940856905411
74.16940856905411
74.31369929122917
74.31369929122917
74.45799001340423
74.60228073557928
74.60228073557928
74.74657145775434
74.74657145775434
74.8908621799294
75.03515290210446
75.03515290210446
75.17944362427951
75.17944362427951
75.32373434645457
75.46802506862963
75.46802506862963
75.61231579080469
75.61231579080469
75.75660651297974
75.9008972351548
75.9008972351548
76.04518795732986
76.04518795732986
76.18947867950492
76.33376940167997
76.33376940167997
76.47806012385503
76.47806012385503
76.62235084603009
76.76664156820515
76.76664156820515
76.9109322903802
76.9109322903802
77.05522301255526
77.19951373473032
77.19951373473032
77.34380445690537
77.34380445690537
77.48809517908043
77.63238590125549
77.63238590125549
77.77667662343055
77.77667662343055
77.9209673456056
78.06525806778066
78.06525806778066
78.20954878995572
78.20954878995572
78.35383951213078
78.49813023430583
78.49813023430583
78.64242095648089
78.64242095648089
78.7133669661906
78.8576576883229
78.8576576883229
78.9998114260302
78.9998114260302
79.14196516373751
79.28411890144481
79.28411890144481
79.42627263915212
79.42627263915212
79.56842637685942
79.71058011456672
79.71058011456672
79.85273385227403
79.85273385227403
79.99488758998133
80.13704132768864
80.13704132768864
80.27919506539594
80.27919506539594
80.42134880310324
80.56350254081055
80.56350254081055
80.70565627851785
80.70565627851785
80.84781001622515
80.98996375393246
80.98996375393246
81.13211749163976
81.13211749163976
81.27427122934706
81.41642496705437
81.41642496705437
81.55857870476167
81.55857870476167
81.70073244246898
81.84288618017628
81.84288618017628
81.98503991788358
81.98503991788358
82.12719365559089
82.26934739329819
82.26934739329819
82.4115011310055
82.4115011310055
82.5536548687128
82.6958086064201
82.6958086064201
82.8379623441274
82.8379623441274
82.98011608183471
83.12226981954201
83.12226981954201
83.26442355724932
83.26442355724932
83.40657729495662
83.54873103266392
83.54873103266392
83.69088477037123
83.69088477037123
83.83303850807853
83.97519224578583
83.97519224578583
84.11734598349314
84.11734598349314
84.25949972120044
84.40165345890775
84.40165345890775
84.54380719661505
84.54380719661505
84.68596093432235
84.82811467202966
84.82811467202966
84.97026840973696
84.97026840973696
85.11242214744426
85.25457588515157
85.25457588515157
85.39672962285887
85.39672962285887
85.53888336056617
85.68103709827348
85.68103709827348
85.82319083598078
85.82319083598078
85.96534457368809
86.05351403166644
86.05351403166644
86.19566776936975
86.19566776936975
86.33561669385797
86.4755656183462
86.4755656183462
86.61551454283442
86.61551454283442
86.75546346732264
86.89541239181086
86.89541239181088
87.0353613162991
87.0353613162991
87.17531024078733
87.31525916527555
87.31525916527555
87.45520808976377
87.45520808976377
87.595157014252
87.73510593874022
87.73510593874022
87.87505486322844
87.87505486322843
88.01500378771665
88.15495271220487
88.15495271220487
88.2949016366931
88.29490163669311
88.43485056118134
88.57479948566956
88.57479948566956
88.71474841015778
88.71474841015778
88.85469733464602
88.99464625913424
88.99464625913424
89.13459518362247
89.13459518362248
89.2745441081107
89.41449303259893
89.41449303259893
89.55444195708715
89.55444195708715
89.69439088157537
89.8343398060636
89.83433980606361
89.97428873055183
89.97428873055185
90.11423765504007
90.25418657952831
90.25418657952832
90.39413550401655
90.39413550401655
90.53408442850477
90.67403335299299