449.80072
449.70145
449.70145
449.60242
449.4051
449.3068
449.3068
449.20874
449.01337
448.91608
448.91608
448.72223
448.62567
448.52936
448.52936
448.33746
448.33746
448.24188
448.14655
447.9566
447.862
447.862
447.67352
447.67352
447.48602
447.48602
447.39264
447.2995
447.11395
447.02155
446.92938
446.92938
446.83746
446.65436
446.65436
446.56317
446.38153
446.38153
446.29108
446.20087
446.02118
445.9317
445.9317
445.75348
445.75348
445.66473
445.48804
445.40005
445.40005
445.22482
445.13757
445.05057
445.05057
444.8773
444.8773
444.79102
444.705
444.6192
444.53366
444.3633
444.3633
444.2785
444.19394
444.10962
443.9417
443.9417
443.85812
443.77478
443.69168
443.60883
443.5262
443.44385
443.36172
443.27985
443.11682
443.03568
443.03568
442.8741
442.8741
442.71353
442.71353
442.63364
442.554
442.47458
442.3165
442.23782
442.1594
442.1594
442.0812
441.92557
441.8481
441.8481
441.69394
441.69394
441.54074
441.54074
441.4645
441.38852
441.31277
441.23727
441.16202
441.01224
440.9377
440.9377
440.7894
440.7156
440.64206
440.64206
440.56876
440.4957
440.42288
440.3503
440.2059
440.2059
440.13406
439.99103
439.9196
439.84814
439.7767
439.70526
439.63382
439.63382
439.56238
439.4195
439.34805
439.2766
439.2766
439.20517
439.13373
439.0623
438.9194
438.9194
438.84796
438.70508
438.63364
438.63364
438.49075
438.49075
438.34787
438.34787
438.27643
438.205
438.13354
437.99066
437.99066
437.84778
437.84778
437.77634
437.63345
437.562
437.562
437.41913
437.3477
437.27625
437.27625
437.13336
437.06192
437.06192
436.99048
436.8476
436.77615
436.77615
436.7047
436.56183
436.56183
436.4904
436.41895
436.3475
436.20462
436.13318
436.06174
435.9903
435.91885
435.8474
435.8474
435.77597
435.70453
435.56165
435.4902
435.4902
435.34732
435.34732
435.20444
435.133
435.06155
434.9901
434.9901
434.84723
434.7758
434.70435
434.70435
434.6329
434.49002
434.41858
434.41858
434.2757
434.2757
434.1328
434.06137
433.98993
433.98993
433.84705
433.7756
433.7756
433.63272
433.63272
433.56128
433.48984
433.4184
433.2755
433.2755
433.20407
433.13263
433.0612
432.98975
432.9183
432.77542
432.77542
432.70398
432.63254
432.48965
432.48965
432.34677
432.27533
432.2039
432.13245
432.13245
432.061
431.98956
431.91812
431.84668
431.7038
431.7038
431.5609
431.48947
431.41803
431.41803
431.3466
431.2037
431.2037
431.06082
431.06082
430.91794
430.91794
430.8465
430.77505
430.7036
430.63217
430.4893
430.41785
430.41785
430.27496
430.20352
430.13208
430.13208
430.06064
429.9892
429.91776
429.8463
429.70343
429.632
429.632
429.4891
429.41766
429.41766
429.34622
429.27478
429.1319
429.06046
429.06046
428.989
428.84613
428.7747
428.70325
428.6318
428.56036
428.56036
428.41748
428.34604
428.2746
428.20316
428.1317
428.06027
427.98883
427.9174
427.9174
427.84595
427.70306
427.63162
427.63162
427.56018
427.4173
427.34586
427.2744
427.2744
427.13153
427.0601
426.98865
426.9172
426.84576
426.84576
426.77432
426.63144
426.63144
426.48856
426.48856
426.34567
426.27423
426.2028
426.2028
426.13135
426.0599
425.91702
425.84558
425.84558
425.7027
425.7027
425.5598
425.48837
425.48837
425.41693
425.3455
425.2026
425.13116
425.13116
424.98828
424.98828
424.8454
424.77396
424.7025
424.63107
424.63107
424.4882
424.4882
424.3453
424.27386
424.27386
424.20242
424.05954
423.9881
423.91666
423.8452
423.77377
423.77377
423.6309
423.55945
423.488
423.488
423.41656
423.27368
423.27368
423.20224
423.05936
422.9879
422.9879
422.84503
422.84503
422.7736
422.6307
422.55927
422.48782
422.41638
422.34494
422.2735
422.2735
422.20206
422.05917
421.98773
421.98773
421.9163
421.7734
421.70197
421.70197
421.55908
421.48764
421.4162
421.4162
421.27332
421.20187
421.20187
421.13043
420.98755
420.98755
420.84467
420.77322
420.70178
420.63034
420.63034
420.48746
420.41602
420.34457
420.34457
420.2017
420.13025
420.13025
419.98737
419.98737
419.84448
419.77304
419.77304
419.7016
419.55872
419.48727
419.48727
419.41583
419.3444
419.27295
419.2015
419.13007
418.98718
418.98718
418.91574
418.77286
418.77286
418.70142
418.55853
418.55853
418.4871
418.3442
418.3442
418.27277
418.12988
418.12988
417.987
417.91556
417.84412
417.77267
417.77267
417.6298
417.55835
417.55835
417.41547
417.41547
417.27258
417.20114
417.1297
417.05826
417.05826
416.98682
416.91537
416.7725
416.7725
416.6296
416.6296
416.55817
416.41528
416.41528
416.34384
416.2724
416.20096
416.12952
415.98663
415.9152
415.9152
415.84375
415.70087
415.62943
415.62943
415.48654
415.48654
415.34366
415.27222
415.27222
415.12933
415.12933
414.98645
414.915
414.915
414.77213
414.77213
414.62924
414.5578
414.5578
414.48636
414.41492
414.34348
414.27203
414.2006
414.0577
414.0577
413.98627
413.84338
413.77194
413.7005
413.7005
413.55762
413.55762
413.48618
413.3433
413.27185
413.2004
413.12897
413.05753
413.05753
412.91464
412.91464
412.77176
412.70032
412.62888
412.62888
412.55743
412.486
412.41455
412.3431
412.27167
412.12878
412.12878
411.9859
411.9859
411.84302
411.84302
411.70013
411.6287
411.6287
411.4858
411.4858
411.41437
411.34293
411.27148
411.20004
411.1286
411.05716
410.98572
410.91428
410.7714
410.69995
410.6285
410.6285
410.55707
410.41418
410.41418
410.2713
410.2713
410.12842
410.05698
410.05698
409.9141
409.9141
409.7712
409.7712
409.69977
409.62833
409.48544
409.414
409.414
409.27112
409.27112
409.19968
409.12823
409.0568
408.98535
408.84247
408.84247
408.77103
408.6996
408.62814
408.48526
408.41382
408.34238
408.27094
408.27094
408.1995
408.0566
408.0566
407.98517
407.91373
407.8423
407.6994
407.6994
407.55652
407.48508
407.48508
407.41364
407.3422
407.27075
407.12787
407.05643
406.985
406.91354
406.8421
406.77066
406.69922
406.69922
406.55634
406.4849
406.41345
406.41345
406.342
406.27057
406.19913
406.05624
406.05624
405.91336
405.84192
405.84192
405.69904
405.69904
405.55615
405.4847
405.41327
405.34183
405.34183
405.19894
405.19894
405.05606
405.05606
404.91318
404.91318
404.7703
404.7703
404.69885
404.6274
404.55597
404.4131
404.4131
404.34164
404.19876
404.19876
404.12732
404.05588
403.98444
403.84155
403.84155
403.69867
403.62723
403.62723
403.5558
403.48434
403.34146
403.34146
403.27002
403.19858
403.0557
402.98425
402.9128
402.84137
402.76993
402.6985
402.6985
402.62704
402.48416
402.48416
402.34128
402.34128
402.1984
402.12695
402.12695
401.98407
401.91263
401.91263
401.8412
401.6983
401.62686
401.55542
401.48398
401.41254
401.3411
401.3411
401.1982
401.1982
401.12677
400.9839
400.91245
400.841
400.76956
400.69812
400.69812
400.55524
400.4838
400.41235
400.41235
400.3409
400.26947
400.19803
400.05515
399.9837
399.9837
399.91226
399.76938
399.69794
399.69794
399.6265
399.55505
399.41217
399.41217
399.34073
399.2693
399.19785
399.05496
398.98352
398.91208
398.84064
398.7692
398.7692
398.69775
398.55487
398.48343
398.412
398.34055
398.34055
398.19766
398.19766
398.05478
397.98334
397.98334
397.84045
397.769
397.69757
397.62613
397.5547
397.5547
397.48325
397.4118
397.26892
397.19748
397.12604
397.12604
396.98315
396.9117
396.9117
396.84027
396.6974
396.62595
396.5545
396.48306
396.48306
396.41162
396.26874
396.1973
396.1973
396.12585
395.98297
395.91153
395.8401
395.76865
395.6972
395.62576
395.55432
395.48288
395.48288
395.34
395.34
395.1971
395.1971
395.05423
394.9828
394.9828
394.8399
394.8399
394.69702
394.62558
394.55414
394.4827
394.41125
394.41125
394.3398
394.26837
394.19693
394.1255
393.9826
393.9826
393.91116
393.76828
393.76828
393.69684
393.55396
393.55396
393.41107
393.33963
393.2682
393.2682
393.19675
393.05386
392.98242
392.91098
392.91098
392.7681
392.7681
392.69666
392.6252
392.55377
392.48233
392.33945
392.33945
392.268
392.19656
392.05368
392.05368
391.9108
391.83936
391.7679
391.7679
391.69647
391.5536
391.5536
391.48215
391.33926
391.26782
391.19638
391.12494
391.0535
390.98206
390.98206
390.83917
390.76773
390.76773
390.62485
390.5534
390.5534
390.48196
390.41052
390.33908
390.1962
390.1962
390.12476
389.98187
389.91043
389.91043
389.839
389.6961
389.62466
389.55322
389.48178
389.41034
389.3389
389.26746
389.26746
389.12457
389.12457
389.05313
388.9817
388.91025
388.76736
388.76736
388.69592
388.62448
388.4816
388.41016
388.3387
388.26727
388.19583
388.19583
388.1244
387.9815
387.91006
387.83862
387.76718
387.76718
387.69574
387.6243
387.55286
387.40997
387.40997
387.2671
387.19565
387.19565
387.05276
386.98132
386.90988
386.83844
386.83844
386.767
386.6241
386.6241
386.55267
386.48123
386.33835
386.2669
386.2669
386.12402
386.05258
386.05258
385.98114
385.9097
385.7668
385.7668
385.62393
385.62393
385.5525
385.4096
385.33817
385.33817
385.19528
385.12384
385.12384
385.0524
384.90952
384.90952
384.83807
384.76663
384.62375
384.5523
384.48087
384.40942
384.33798
384.33798
384.1951
384.12366
384.05222
383.98077
383.98077
383.8379
383.76645
383.695
383.62357
383.55212
383.55212
383.40924
383.3378
383.3378
383.19492
383.12347
383.05203
383.05203
382.90915
382.90915
382.8377
382.69482
382.62338
382.62338
382.55194
382.4805
382.40906
382.26617
382.19473
382.1233
382.05185
382.05185
381.9804
381.90897
381.83752
381.76608
381.69464
381.6232
381.48032
381.48032
381.40887
381.33743
381.19455
381.19455
381.05167
381.05167
380.90878
380.83734
380.7659
380.7659
380.62302
380.55157
380.48013
380.4087
380.33725
380.2658
380.2658
380.12292
380.12292
380.05148
379.98004
379.83716
379.76572
379.76572
379.69427
379.5514
379.5514
379.47995
379.4085
379.33707
379.19418
379.19418
379.12274
379.0513
378.90842
378.90842
378.83698
378.6941
378.6941
378.62265
378.5512
378.40833
378.40833
378.26544
378.194
378.194
378.05112
377.97968
377.97968
377.90823
377.8368
377.76535
377.6939
377.55103
377.55103
377.47958
377.3367
377.3367
377.19382
377.19382
377.12238
376.9795
376.9795
376.90805
