0.8151959738210053
0.8213978355606741
0.8268228736116043
0.8333213064455549
0.9256593010067036
1.0313531742790474
1.153751328683711
1.2217776567773626
1.437222541976098
1.463289447779971
1.5048572497561281
1.690169543410093
1.7874022148831727
1.9841831565663597
2.0205749851373866
2.042237994702873
2.5715674749300206
2.6363590173533566
2.6659325269731653
2.861109362208822
2.934146863562887
2.9949255318177848
3.0498994582533214
3.2084161699334572
3.255678666427002
3.4245770668704836
3.87847401860995
4.0610822047028705
4.233648569600405
4.295193680047646
4.297845121136788
4.438320875862246
0.03135084669020216
0.18850975620421195
0.29855603940302444
0.3018335777219363
0.8114989479787482
0.8151959738210053
0.8213978355606741
0.8268228736116043
0.8333213064455549
0.9256593010067036
1.0313531742790474
1.153751328683711
1.2217776567773626
1.437222541976098
1.463289447779971
1.5048572497561281
1.690169543410093
1.7874022148831727
1.9841831565663597
2.0205749851373866
2.042237994702873
2.5715674749300206
2.6363590173533566
2.6659325269731653
2.861109362208822
2.934146863562887
2.9949255318177848
3.0498994582533214
3.2084161699334572
3.255678666427002
3.4245770668704836
3.87847401860995
4.0610822047028705
4.233648569600405
4.295193680047646
4.297845121136788
4.438320875862246
5.558004989249298
5.600702973115858
5.602283111742395
5.759913648821794
5.85809008441845
5.935017387359949
6.044795587352837
6.126166192560049
6.194657199112271
6.194759169607664
6.240898472093136
6.2503752608654395
6.318169612079828
6.389208874169981
6.473889030818555
6.591624417693197
6.624847406279059
6.628678401437014
6.7849850239728084
6.960634592423844
7.020608925555962
7.079403284501495
7.132537444131458
7.156212178373039
7.192021684636757
7.3506741522479615
7.4873588412305025
7.512472467993234
7.661628006828778
7.663332126331966
7.685195175629929
7.703070176137658
7.884407190381353
7.929427693736443
8.403178867340444
8.449193720276867
8.606226027764023
8.618968772597214
8.653634978648256
8.68601819418825
8.753452126492107
8.754750302644311
8.94232123128586
8.976489340684566
8.995850136558943
9.204862998314752
9.253159503104257
9.326169180675492
9.55667772096615
9.604942704234531
9.96206879916258
10.014588454100135
10.276282400105742
10.536586673062175
10.575162418625041
10.70245840914265
10.752879217998498
10.769173377877792
10.873069147048113
10.924379888175395
11.047448050772005
11.060636451137839
11.090174330086256
11.176157636564994
11.274025271450796
11.40448073772427
11.43597593444133
11.44799578197285
11.761030325258957
11.83918441839262
11.853982257104803
11.864304763979362
12.14158210204755
12.168524350102075
12.253457657440663
12.25353934771897
12.531759946093189
12.58514879463985
12.641836717528804
12.68308176826281
12.692812053736134
12.832857211542091
12.972092975275473
13.006785476109371
13.115339014461824
13.16520647602033
13.280590612104675
13.651612648773039
13.731239557458139
13.83089902771053
13.907721072091022
14.08074459534464
14.119882599172797
14.153349837007795
14.183006025460145
14.190359634830997
14.243140956520165
14.287144703847275
14.50742786249873
14.532968183163689
14.651227551308239
14.6639428809317
14.710082726424844
14.717458822073127
14.880071766031051
14.908222384917053
15.09297247195434
15.40955650247247
15.50667796458356
15.530680331078088
15.564542482056254
15.785021544479605
15.812184955113366
16.162611554756722
16.277613225582968
16.31809875201361
16.403326397589808
16.494816277367818
16.524419756971724
16.62512182079729
16.652072656199266
16.765185421890806
16.83198819055508
16.905661349214824
17.10878836277152
17.453628340967157
17.5347186251297
17.571604770476142
17.604583636682378
17.62969290409194
17.754137419239214
17.778810022026278
17.782242881067646
17.782591141640182
17.925675790230343
18.00660316523158
18.210454679779446
18.35549569960392
18.397642582478284
18.45346408074181
18.51216878099342
18.650679785025886
18.65898738618239
18.69131814422383
18.716550799810307
18.85831851156911
19.032215127546465
19.113229528740703
19.13189969548762
19.182663659916898
19.227613683329423
19.346894834140585
19.619622691144855
19.626019972464746
19.758289335173572
19.905617861717587
20.024698370577312
20.123600505325044
20.13901741834559
20.160451116974286
20.254938329661172
20.387647914020135
20.730691420557832
20.770771232581296
21.030653093352953
21.08022363108205
21.252449382546843
21.60433533654293
21.638844730321466
21.766937935973033
21.98253698818678
22.019465842597924
22.124731105569595
22.272512657409834
22.451130168890018
22.50311156991404
22.52419727533072
22.590569873167738
22.695843542018906
22.989413686218995
23.039469833602652
23.077811853533603
23.1316412453441
23.231133387142336
23.236685500530484
23.27431051810447
23.423665576370922
23.504723731254103
23.539309448830295
23.890641796454133
23.932361114243918
24.047588527126322
24.06795078017774
24.254011178477185
24.333108298331013
24.44714296610823
24.506982585672745
24.57194170303046
24.687360011849137
24.723584356314745
24.95910132559277
24.963307763124135
25.16757816256279
25.54223487484819
25.789074259675317
26.084110417334273
26.159622548695324
26.179506383095372
26.182645414469334
26.2876317164272
26.41750167018995
26.866431434102765
26.889495675935223
27.119379518203345
27.139353670539776
27.168407644740228
27.26520208366469
27.488038601986432
27.514691635032932
27.67133828114322
27.67698451368051
28.036073108381174
28.06525240249141
28.110456846873262
28.11679997498868
28.35339664089281
28.357511944872044
28.377505977624537
28.531306144237874
28.549485661430026
28.68585432998202
28.730393942277942
28.763732722533746
28.785824465426685
28.86317720633906
29.075504167614554
29.14272431043628
29.172439492635363
29.45913813858124
29.51714836795111
29.617116587573378
29.629646246960647
29.64243217427247
29.923009694886787
30.186444803069207
30.33373759904373
30.483966170873714
30.52774551239918
30.650509924225844
30.662669678044836
30.723487143580087
30.758896268323497
30.928695207848477
31.03444240747683
31.35684537557802
31.495761235483883
31.51849129047116
31.55303270612808
31.629370025732783
31.651270246524632
31.901271455252072
31.97475057938516
31.9787097454074
32.1222105318883
32.20135531236963
32.27452586497782
32.546717881449695
32.76852077120054
32.77981096068174
32.794385652536675
32.81683533015644
32.921880246051614
33.12592646011126
33.13735605162515
33.2212971617671
33.4254173390666
33.46552243467852
33.53135713725135
33.59034445264001
33.59903509637695
33.6957008885106
33.871438089541925
34.07297427256958
34.146710904236215
34.16003090914887
34.24859704969117
34.312225415991065
34.357945894628756
34.54055925484988
34.68070011823295
34.696726170364514
34.998046872828354
35.00971982175952
35.368487106875705
35.417597726540066
35.54135862708233
35.79191717089384
35.81786309421193
35.92021209770962
35.970775136613156
36.07098393813601
36.11689551883978
36.12917271214678
36.17110649471613
36.215224539448855
36.484343070611544
36.5349734068983
36.59435862993587
36.657746348046544
36.66685038926687
36.672645839181655
36.67942059953259
36.854641170664536
37.03448474880042
37.04257237721913
37.042966926525764
37.07355148212912
37.093516765475556
37.147648181176805
37.22800650779982
37.31631413610012
37.39275437406627
37.43297008777199
37.5493393283748
37.56117037492709
37.59377543369351
37.6264267574154
37.69160927026121
37.69493088139586
37.72393568841892
37.75391858894284
37.770130074646545
37.83304399457029
37.964819776043214
37.994064377749396
38.030620901450334
38.30251145571606
38.36807523553773
38.38898966403667
38.45254833020431
38.4852105141764
38.548893321262995
38.59525812968013
38.62923040763792
38.732144511100614
38.739298053637754
38.87317392703346
38.96638780327305
38.969862484595296
39.08463325601019
39.155695666143515
39.158761161795496
39.19777435664014
39.22406492720768
39.455251462183014
39.5419669554891
39.55515361472044
39.58056328365831
39.64977940693973
39.76181452443166
40.25728384076467
40.401077069110556
40.5026623023532
40.70113437122245
40.81924108966575
40.86897801318014
41.0120792411866
41.087145239397955
41.3389055358266
41.400710644824926
41.42242029082786
41.43871475663059
41.67520149673646
41.732268219165235
41.73770666166854
41.866754710189866
41.97507341572555
42.04855535186164
42.06360031884219
42.12905072045032
42.161814401908714
42.4754632761759
42.6030733149164
42.628329132534645
42.79174642596763
42.84410919741504
43.02546342492508
43.07460545705851
43.14658144316991
43.155277511685654
43.230424342692345
43.25685595629534
43.27655866413875
43.34271562158142
43.53407142199535
43.61531961365233
44.01488025232902
44.019045022232376
44.29289189535905
44.506972962788154
44.517553810161644
44.56587056699334
44.63683157203354
44.6529868496018
44.81576171365589
44.89009219094089
44.9458995271317
45.07153349514533
45.349672718223474
45.58814335249156
45.67336596070652
45.829295333457935
45.846747114488835
46.67106730208184
46.70018988680624
46.73849566677177
46.74233119057658
47.05425948917048
47.226934628408
47.43164265400583
47.464069513367235
47.635370554518886
47.74518846613546
47.764700094338764
47.92763025915622
48.06148060646126
48.33352208653446
48.440076742943575
48.46761435615099
48.62671766356698
48.70648334247642
48.79152593026856
48.85703502530305
48.89256132159187
49.2621994153194
49.3070336712708
49.390528344683844
49.4852960779898
49.99835339644562
50.00799195170907
50.26242109062321
50.2736040156243
50.330156396063444
50.35025622917965
50.37034762088899
50.3939945234207
50.418844342984585
50.42741422728568
50.47787091694295
50.501279277374124
50.57787990096915
50.863060528716346
50.89249423848253
50.89726506769534
51.15680122594688
51.16961668722979
51.19491076049144
51.22294971829024
51.266066253008944
51.44681739049054
51.4485857097593
51.63348511058268
51.892597471457975
51.93128891419087
52.08003005599346
52.11405947463231
52.31537532027539
52.3748888475609
52.4482284847802
52.47418663471262
52.58965237637426
52.59565487657983
52.61044967804355
52.6487689213817
52.65540015874933
52.656450673514996
53.012496601311796
53.06485138973744
53.075980581105455
53.13167280083337
53.20002896616688
53.36222937286277
53.48000352482245
53.567331338974554
53.57725577005908
53.708709199396026
53.817097836123935
53.88928481433868
54.371492244990804
54.48333048181826
54.50988187707355
54.60689404227935
54.71176560604408
54.885810620236384
55.02629691664322
55.063097694051635
55.16825968280682
55.287656880653344
55.3221762866508
55.33540934197413
55.3417255300036
55.44443719751598
55.654234496991535
55.82414134330952
55.92123272275296
55.92165384242355
55.96957260974489
56.00595852488004
56.16827240642044
56.25934416207758
56.5702996242328
56.699688157649234
56.86502667149614
56.89911872811933
57.08142645474322
57.14998462214953
57.48196688563644
57.587494578422024
57.91891298406529
58.025620676174526
58.13667897355356
58.419811726226726
58.46446423941313
58.59468784958642
58.612878136670474
59.08461488867658
59.197330196248345
59.39741243184517
59.52879576335374
59.5419303107675
59.58788572201274
59.60851605079711
59.745786046305284
59.8631486197678
59.87989892648386
60.17606050853874
60.18655790579339
60.266776516222194
60.290073463973386
60.35835707691842
60.56478362742109
60.633163501181684
60.67318313841304
60.88311639442361
60.88723422561475
60.956024834828554
61.17827241376938
61.25217034050968
61.25382833943229
61.34604597927466
61.50033281730839
61.55833017723364
61.60699361608545
61.63757372984446
61.85173889747739
61.8698619218228
62.151443982726846
62.160731044610884
62.2512082754605
62.494866282418116
62.535318012877724
62.55220642868255
62.56688997285573
62.60320095805878
62.61713172034354
62.66240828697846
62.83088990212195
62.907732231552586
63.165667456169444
63.28710139900511
63.33684778565157
63.548413077708915
63.5885190073252
63.74461608032084
64.4631410783411
64.47622636624237
64.5042165542119
64.60851141092724
64.66512793757317
64.82259727275675
64.91536584663731
64.9583664649175
65.13999901860473
65.3372611337644
65.35162852404846
65.65870353183652
65.82241426887663
65.8307627227523
65.83998653267156
65.84051116676608
65.98318256636367
65.99976064403666
66.32992106908387
66.52659057418816
66.55242258811586
66.63243633276932
66.67595343081143
66.69022611206162
66.70460795699046
66.70959183159061
66.84961675312229
66.98054527702197
67.08672979265702
67.27689185057773
67.28189399918983
67.30006592724317
67.3500785982792
67.4439891638508
67.56231169849889
67.5860830776362
67.72337313001799
67.82610298235977
67.85395333759095
67.89530518904962
67.91931345500109
67.9502344690718
68.13586498535733
68.49489079760428
68.51938110067022
68.56268701545366
68.66027125027972
68.67809501465365
68.76523267065045
68.76603928878728
68.84974290910861
68.85157429683443
68.88453721631913
69.00032561518674
69.06613550690588
69.06929999859324
69.1164479006386
69.44784255158982
69.87399409454201
69.91825310155843
69.93993574097578
70.13956838785646
70.15644314390147
70.16375408836223
70.32474409330689
70.44739195554814
70.51728005004065
70.59195671773819
70.68828978447982
70.71913543221626
70.75824368126598
70.77447947808196
70.92820041165578
70.97264239064145
70.99248036642939
71.01838934723844
71.04970021338715
71.33317728796771
71.377080759411
71.48604073670572
71.50965883283823
71.54710371075964
71.6204957907886
71.63245492777514
71.6440973272122
71.6655256996844
71.75714153243064
71.82373756995548
71.90407371762831
71.92012368862504
72.20526898850562
72.26324412226597
72.26818509291888
72.2857578447099
72.32228930893712
72.34859947728353
72.38599418445847
72.39363953271004
72.93655206464871
72.95339244979618
73.1580285141498
73.17189787833843
73.25825510435607
73.37988663841293
73.42034104307686
73.72368203168514
73.73446328596356
73.8330315005976
74.06683246797274
74.51320858399743
74.59163366185953
74.61137869788445
74.80590867246781
74.94514192720897
74.99204418406418
74.9989097464545
75.09581109211331
75.10214520156728
75.2048089618205
75.43591491471352
75.70710778670104
76.13554489046953
76.29561110414852
76.34412273464795
76.36473160272533
76.39218937351859
76.5169287387265
76.77843670357936
76.85315764507266
76.9168549080315
77.09191757148108
77.09205418705017
77.19952686077113
77.2135143069404
77.24825353003087
77.27278000798367
77.32949401524479
77.39287184868874
77.41185383789616
77.61657492668724
77.65752880099978
77.76437597523693
77.79954187497924
77.89068492596994
78.09242145688404
78.09793832320645
78.14166240079919
78.27198686106681
78.33682022919675
78.37561921249278
78.80114985837236
79.2125309168548
79.24976355538888
79.27928740363484
79.31038267361907
79.34991039675651
79.39673749991937
79.40490452234712
79.65635952819957
79.65672377415206
80.1443959636947
80.18432994364696
80.37393268019127
80.39256804189199
80.4639110099406
80.5339851596317
80.56595395072247
80.80841931907946
80.81820447524001
80.84059430878074
80.93592245907382
80.93694878058284
80.97015556495728
81.10093682028412
81.22977554610804
81.28381111213548
81.36213158481758
81.62758625462595
81.71923423426983
81.73111906257145
81.80443448815902
81.84427447994324
82.00105984448237
82.17846293791615
82.178996230292
82.32058108999786
82.32392321931081
82.3295863374019
82.47800033853616
82.48899355358526
82.52859673303465
82.63226656778443
82.68502119662321
82.69144395394869
82.82672847411015
82.9134024935745
82.92604763853194
82.99197004730854
83.07303820925108
83.13552147577218
83.15046479915952
83.18645042622416
83.19894012814848
83.3340848232242
83.61499276616394
83.93664198863803
84.11977093301982
84.3379323309216
84.46486167411615
84.60902384186386
84.62701358334334
84.67516652662869
84.94242402855264
85.10169123480034
85.11097184758648
85.25152245220283
85.3508313970799
85.46868387092229
85.73680435209997
85.8528276454349
85.88822704774236
86.13764180666931
86.20171205694487
86.42360836297246
86.5097649538967
86.52413398303338
86.5699226639831
86.60927527572494
86.82643769802007
86.94964372735456
87.15483350616898
87.17979215963544
87.22249747477645
87.30273508748462
87.35336178176192
87.41435176763059
87.53968186660245
87.557575773488
87.58113954789076
87.81437586407469
87.82298769315366
87.82838782440331
87.9700492576494
88.05970031279605
88.07637179672429
88.16384153994716
88.2595644731856
88.46348266882342
88.55469551896397
88.71081559830122
88.92717896333124
88.93664533727735
89.06331668374048
89.20714064840308
89.21278718005726
89.4478452256368
89.45732602119358
89.66368126265263
89.89839514393839
90.0546943584651
90.07856348300038
90.12765270986108
90.32730494618488
90.34297377883115
90.3839462088655
90.57378106131023
90.64365578268132
90.64834688208191
90.76980638614464
90.7769439031864
90.82111885654092
90.92619525743066
90.9548042320796
91.04606881953976
91.07354275750367
91.0922841469204
91.17364410053347
91.19882302961253
91.25168892337831
91.30597237436382
91.3552595281667
91.37591602899442
91.46351697465161
91.47001972272972
91.54221333807402
91.68070637163282
91.80362970124747
92.28189569756375
92.43768324655002
92.44165988025054
92.56552097918689
92.63676848903754
92.71439292204002
92.73730694100664
92.74238813152579
92.81767087611934
92.83944640395646
92.90390284338469
93.11055676461035
93.16929025983052
93.42385727922056
93.66493287484798
93.90624994036409
94.52908015014373
94.61667013415831
94.6759686023778
94.88142484905757
94.89902660271207
95.09103286675179
95.11482716422381
95.13061141806486
95.324667308838
95.40519801482185
95.41051925641705
95.6601106137598
95.68934277497192
95.75504555590328
95.92971812086626
96.00513144471415
96.05123352170006
96.36928714330622
96.38402300371592
96.67185874585766
96.82332763206011
96.83889002566468
97.21624708040736
97.29199180585783
97.35134247920087
97.56120148502396
97.56992007110102
97.58577622715165
97.85605293893889
97.88945337906955
98.03976562856406
98.11058554268675
98.21316532773108
98.36282678671398
98.44951482753811
98.48569670056679
98.508843411008
98.53992753931425
98.54428709765455
98.56935152547783
98.6830265184991
98.74755251465069
99.0913619350606
99.10893184706981
99.29089537905725
99.29986467369633
99.368553335956
99.41319403704756
99.52869354201982
99.56060779154313
99.62669807885982
99.90005632617158
99.9026062109192
