15.0
25.0
42.1
49.39
49.39
55.951
61.8559
67.17031
71.953279
80.13215599
80.13215599
86.7570463519
89.58134171671
92.123207545039
92.123207545039
94.41088679053509
96.46979811148158
99.99053647030009
101.49148282327008
101.49148282327008
102.84233454094307
105.15229097816389
105.15229097816389
107.02335569231275
107.82102012308147
107.82102012308147
108.53891811077332
109.7665236697264
109.7665236697264
110.76088417247837
110.76088417247837
111.56631617970748
111.56631617970748
111.90968456173674
112.21871610556306
112.49684449500675
112.97244404095547
113.17519963685992
113.35767967317392
113.35767967317392
113.66972053527087
113.66972053527087
113.9224736335694
114.03022627021245
114.03022627021245
114.12720364319121
114.21448327887208
114.29303495098488
114.36373145588638
114.48462247926795
114.53616023134116
114.53616023134116
114.58254420820704
114.62428978738633
114.66186080864769
114.69567472778292
114.72610725500462
114.75349652950416
114.80033218889837
114.82029897000852
114.82029897000852
114.83826907300767
114.8544421657069
114.88209815422258
114.88209815422258
114.90449950492027
114.90449950492027
114.9226445989854
114.93038013908685
114.93734212517816
114.94360791266034
114.9492471213943
114.95432240925486
114.95889016832936
114.96300115149641
114.96300115149641
114.97003093271208
114.97003093271208
114.97572505549677
114.97572505549677
114.97815254994708
114.98033729495236
114.9840732089114
114.98566588802025
114.98709929921822
114.98709929921822
114.98955043236674
114.98955043236674
114.99153585021705
114.99238226519533
114.9931440386758
114.9931440386758
114.99382963480821
114.99500200419463
114.99550180377516
114.99595162339763
114.99635646105786
114.99672081495207
114.99672081495207
114.99704873345685
114.99760947410003
114.99760947410003
114.99784852669002
114.9982573066189
114.9982573066189
114.9985884183613
114.99872957652515
114.99872957652515
114.99885661887262
114.99907386128682
114.99916647515813
114.99924982764232
114.99924982764232
114.99932484487807
114.99945312435123
114.99950781191612
114.9995570307245
114.99960132765204
114.99964119488683
114.99967707539815
114.99970936785834
114.9997384310725
114.99976458796525
114.99976458796525
114.9997881291687
114.99980931625183
114.99984554616395
114.99984554616395
114.99986099154756
114.99987489239282
114.99988740315355
114.99989866283823
114.99990879655448
114.99992612520917
114.99993351268827
114.99994016141945
114.99994614527753
114.99995153074987
114.99995153074987
114.99995637767495
114.99996073990745
114.99996819932495
114.99997137939242
114.99997137939242
114.99997681730763
114.99997913557685
114.99998122201907
114.99998122201907
114.99998309981706
114.99998478983532
114.9999863108517
114.99998767976642
114.9999889117899
114.99999002061118
114.99999191669555
114.99999191669555
114.99999345252381
114.99999410727202
114.99999410727202
114.999995226892
114.999995226892
114.99999613378384
114.99999613378384
114.99999686836536
114.99999686836536
114.99999718152979
114.99999771704437
114.99999771704437
114.9999981508106
114.9999981508106
114.99999850216162
114.99999850216162
114.99999878675605
114.9999989080823
114.99999901727725
114.99999901727725
114.99999920400413
114.99999920400413
114.99999928360891
114.99999941973523
114.99999941973523
114.9999994777702
114.99999957701046
114.9999996193119
114.9999996193119
114.99999969164034
114.99999969164034
114.99999972247261
114.99999977520928
114.99999979770136
114.99999981794446
114.99999983617366
114.99999985257935
114.99999985257935
114.99999986733278
114.99999989257093
114.9999999033525
114.99999991305333
114.99999992176224
114.99999992176224