100
99.997275
99.997275
99.991825
99.98365000000001
99.98365000000001
99.97275
99.97275
99.959125
99.942775
99.942775
99.9237
99.9237
99.9019
99.877375
99.877375
99.850125
99.850125
99.82015000000001
99.78745
99.78745
99.752025
99.752025
99.713875
99.673
99.673
99.6294
99.6294
99.58307500000001
99.53402500000001
99.53402500000001
99.48225000000001
99.48225000000001
99.42775
99.370525
99.370525
99.310575
99.310575
99.2479
99.1825
99.1825
99.11437500000001
99.11437500000001
99.04352500000002
98.96995000000001
98.96995000000001
98.89365000000001
98.89365000000001
98.814625
98.732875
98.732875
98.64840000000001
98.64840000000001
98.56120000000001
98.47127500000002
98.47127500000002
98.37862500000001
98.37862500000001
98.28325000000001
98.18515000000001
98.18515000000001
98.084325
98.084325
97.98077500000001
97.87450000000001
97.87450000000001
97.76550000000002
97.76550000000002
97.65377500000001
97.539325
97.539325
97.42215
97.42215
97.30225
97.179625
97.179625
97.054275
97.054275
96.92620000000001
96.79540000000001
96.79540000000001
96.66187500000001
96.66187500000001
96.525625
96.38665
96.38665
96.24495
96.24495
96.100525
95.95337500000001
95.95337500000001
95.80350000000001
95.80350000000001
95.65090000000001
95.495575
95.495575
95.337525
95.337525
95.17675
95.01325
95.01325
94.847025
94.847025
94.678075
94.50640000000001
94.50640000000001
94.33200000000001
94.33200000000001
94.154875
93.975025
93.975025
93.79245
93.79245
93.60715
93.41912500000001
93.41912500000001
93.22837500000001
93.22837500000001
93.03490000000001
92.8387
92.8387
92.639775
92.639775
92.438125
92.23375
92.23375
92.02665
92.02665
91.81682500000001
91.604275
91.604275
91.389
91.389
91.17099999999999
90.95027499999999
90.95027499999999
90.72682499999999
90.72682499999999
90.50065
90.27175
90.27175
90.040125
90.040125
89.805775
89.56869999999999
89.56869999999999
89.32889999999999
89.32889999999999
89.08637499999999
88.84112499999999
88.84112499999999
88.59315
88.59315
88.34245
88.08902499999999
88.08902499999999
87.83287499999999
87.83287499999999
87.57399999999998
87.31239999999998
87.31239999999998
87.04807499999998
87.04807499999998
86.78102499999999
86.51124999999999
86.51124999999999
86.23875
86.23875
85.96352499999999
85.68557499999999
85.68557499999999
85.40489999999998
85.40489999999998
85.12149999999998
84.83537499999998
84.83537499999998
84.54652499999999
84.54652499999999
84.25495
83.96064999999999
83.96064999999999
83.66362499999998
83.66362499999998
83.36387499999998
83.06139999999998
83.06139999999998
82.75619999999998
82.75619999999998
82.44827499999998
82.13762499999999
82.13762499999999
81.82424999999999
81.82424999999999
81.50814999999999
81.18932499999998
81.18932499999998
80.86777499999998
80.86777499999998
80.54349999999998
80.21649999999998
80.21649999999998
79.88677499999999
79.88677499999999
79.55432499999999
79.21914999999998
79.21914999999998
78.88124999999998
78.88124999999998
78.54062499999998
78.19727499999998
78.19727499999998
77.85119999999998
77.85119999999998
77.50239999999998
77.15087499999998
77.15087499999998
76.79662499999999
76.79662499999999
76.43964999999999
76.07994999999998
76.07994999999998
75.71752499999998
75.71752499999998
75.35237499999998
74.98449999999998
74.98449999999998
74.61389999999999
74.61389999999999
74.24057499999999
73.86452499999999
73.86452499999999
73.48574999999998
73.48574999999998
73.10424999999998
72.72002499999998
72.72002499999998
72.33307499999998
72.33307499999998
71.94339999999998
71.55099999999999
71.55099999999999
71.155875
71.155875
70.75802499999999
70.35744999999999
70.35744999999999
69.95414999999998
69.95414999999998
69.54812499999998
69.13937499999999
69.13937499999999
68.72789999999999
68.72789999999999
68.3137
67.89677499999999
67.89677499999999
67.47712499999999
67.47712499999999
67.05474999999998
66.62964999999998
66.62964999999998
66.20182499999999
66.20182499999999
65.77127499999999
65.338
65.338
64.902
64.902
64.463275
64.02182499999999
64.02182499999999
63.57764999999999
63.57764999999999
63.13074999999999
62.681124999999994
62.681124999999994
62.22877499999999
62.22877499999999
61.77369999999999
61.31589999999999
61.31589999999999
60.855374999999995
60.855374999999995
60.39212499999999
59.92614999999999
59.92614999999999
59.457449999999994
59.457449999999994
58.986025
58.511874999999996
58.511874999999996
58.035
58.035
57.5554
57.073074999999996
57.073074999999996
56.588024999999995
56.588024999999995
56.100249999999996
55.60975
55.60975
55.116524999999996
55.116524999999996
54.620574999999995
54.1219
54.1219
53.6205
53.6205
53.116375
52.609525
52.609525
52.09995
52.09995
51.587650000000004
51.072625
51.072625
50.554875
50.554875
50.034400000000005
49.5112
49.5112
48.985275
48.985275
48.456625
47.925250000000005
47.925250000000005
47.39115
47.39115
46.854325
46.314775000000004
46.314775000000004
45.77250000000001
45.77250000000001
45.227500000000006
44.67977500000001
44.67977500000001
44.12932500000001
44.12932500000001
43.57615000000001
43.02025000000001
43.02025000000001
42.46162500000001
42.46162500000001
41.900275000000015
41.33620000000001
41.33620000000001
40.76940000000001
40.76940000000001
40.19987500000001
39.627625000000016
39.627625000000016
39.052650000000014
39.052650000000014
38.474950000000014
37.894525000000016
37.894525000000016
37.31137500000002
37.31137500000002
36.72550000000002
36.13690000000002
36.13690000000002
35.54557500000002
35.54557500000002
34.951525000000025
34.354750000000024
34.354750000000024
33.755250000000025
33.755250000000025
33.15302500000003
32.548075000000026
32.548075000000026
31.940400000000025
31.940400000000025
31.330000000000027
30.716875000000027
30.716875000000027
30.10102500000003
30.10102500000003
29.48245000000003
28.86115000000003
28.86115000000003
28.23712500000003
28.23712500000003
27.610375000000033
26.980900000000034
26.980900000000034
26.348700000000036
26.348700000000036
25.713775000000037
25.07612500000004
25.07612500000004
24.43575000000004
24.43575000000004
23.792650000000044
23.146825000000046
23.146825000000046
22.498275000000046
22.498275000000046
21.847000000000047
21.193000000000048
21.193000000000048
20.53627500000005
20.53627500000005
19.87682500000005
19.214650000000052
19.214650000000052
18.549750000000053
18.549750000000053
17.882125000000055
17.211775000000056
17.211775000000056
16.53870000000006
16.53870000000006
15.86290000000006
15.184375000000061
15.184375000000061
14.503125000000063
14.503125000000063
13.819150000000064
13.132450000000066
13.132450000000066
12.443025000000068
12.443025000000068
11.75087500000007
11.056000000000072
11.056000000000072
10.358400000000074
10.358400000000074
9.658075000000077
8.955025000000079
8.955025000000079
8.249250000000082
8.249250000000082
7.5407500000000836
6.8295250000000856
6.8295250000000856
6.115575000000087
6.115575000000087
5.398900000000088
4.67950000000009
4.67950000000009
3.9573750000000913
3.9573750000000913
3.232525000000093
2.504950000000095
2.504950000000095
1.7746500000000969
1.7746500000000969
1.0416250000000988
0.9949918013292369
0.9949918013292369
1.733466801329235
1.733466801329235
2.4637516060044504
3.1913114106796656
3.1913114106796656
3.916146215354881
3.916146215354881
4.638256020030096
5.357640824705311
5.357640824705311
6.074300629380526
6.074300629380526
6.788235434055742
7.499445238730957
7.499445238730957
8.207930043406172
8.207930043406172
8.913689848081388
9.616724652756604
9.616724652756604
10.31703445743182
10.31703445743182
11.014619262107036
11.70947906678225
11.70947906678225
12.401613871457466
12.401613871457466
13.09102367613268
13.777708480807895
13.777708480807895
14.46166828548311
14.46166828548311
15.142903090158326
15.821412894833541
15.821412894833541
16.497197699508757
16.497197699508757
17.170257504183972
17.840592308859186
17.840592308859186
18.508202113534402
18.508202113534402
19.173086918209616
19.835246722884833
19.835246722884833
20.494681527560047
20.494681527560047
21.151391332235264
21.80537613691048
21.80537613691048
22.456635941585695
22.456635941585695
23.10517074626091
23.750980550936127
23.750980550936127
24.394065355611342
24.394065355611342
25.03442516028656
25.672059964961775
25.672059964961775
26.306969769636993
26.306969769636993
26.93915457431221
27.568614378987423
27.568614378987423
28.19534918366264
28.19534918366264
28.819358988337854
29.44064379301307
29.44064379301307
30.059203597688285
30.059203597688285
30.6750384023635
31.288148207038716
31.288148207038716
31.898533011713933
31.898533011713933
32.50619281638915
33.11112762106437
33.11112762106437
33.71333742573959
33.71333742573959
34.3128222304148
34.90958203509002
34.90958203509002
35.503616839765236
35.503616839765236
36.09492664444045
36.68351144911566
36.68351144911566
37.26937125379088
37.26937125379088
37.8525060584661
38.43291586314131
38.43291586314131
39.010600667816526
39.010600667816526
39.58556047249174
40.15779527716696
40.15779527716696
40.727305081842175
40.727305081842175
41.29408988651739
41.85814969119261
41.85814969119261
42.41948449586783
42.41948449586783
42.97809430054304
43.53397910521826
43.53397910521826
44.087138909893476
44.087138909893476
44.63757371456869
45.1852835192439
45.1852835192439
45.73026832391912
45.73026832391912
46.27252812859434
46.81206293326955
46.81206293326955
47.34887273794477
47.34887273794477
47.882957542619984
48.4143173472952
48.4143173472952
48.94295215197042
48.94295215197042
49.46886195664563
49.99204676132085
49.99204676132085
50.51250656599607
50.51250656599607
51.030241370671284
51.5452511753465
51.5452511753465
52.05753598002172
52.05753598002172
52.56709578469693
53.07393058937215
53.07393058937215
53.57804039404736
53.57804039404736
54.07942519872258
54.578085003397796
54.578085003397796
55.07401980807301
55.07401980807301
55.56722961274823
56.05771441742345
56.05771441742345
56.54547422209866
56.54547422209866
57.03050902677388
57.512818831449096
57.512818831449096
57.992403636124315
57.992403636124315
58.46926344079953
58.94339824547475
58.94339824547475
59.414808050149965
59.414808050149965
59.88349285482518
60.34945265950039
60.34945265950039
60.81268746417561
60.81268746417561
61.27319726885083
61.73098207352604
61.73098207352604
62.18604187820126
62.18604187820126
62.638376682876476
63.087986487551696
63.087986487551696
63.53487129222691
63.53487129222691
63.979031096902126
64.42046590157734
64.42046590157734
64.85917570625256
64.85917570625256
65.29516051092777
65.72842031560299
65.72842031560299
66.15895512027821
66.15895512027821
66.58676492495343
67.01184972962865
67.01184972962865
67.43420953430386
67.43420953430386
67.85384433897907
68.27075414365429
68.27075414365429
68.6849389483295
68.6849389483295
69.09639875300472
69.50513355767994
69.50513355767994
69.91114336235516
69.91114336235516
70.31442816703039
70.7149879717056
70.7149879717056
71.11282277638081
71.11282277638081
71.50793258105602
71.90031738573124
71.90031738573124
72.28997719040646
72.28997719040646
72.67691199508168
73.0611217997569
73.0611217997569
73.44260660443211
73.44260660443211
73.82136640910733
74.19740121378254
74.19740121378254
74.57071101845776
74.57071101845776
74.94129582313298
75.3091556278082
75.3091556278082
75.67429043248342
75.67429043248342
76.03670023715864
76.39638504183385
76.39638504183385
76.75334484650907
76.75334484650907
77.10757965118428
77.4590894558595
77.4590894558595
77.80787426053472
77.80787426053472
78.15393406520994
78.49726886988516
78.49726886988516
78.83787867456037
78.83787867456037
79.17576347923558
79.5109232839108
79.5109232839108
79.84335808858602
79.84335808858602
80.17306789326123
80.50005269793645
80.50005269793645
80.82431250261168
80.82431250261168
81.1458473072869
81.46465711196211
81.46465711196211
81.78074191663733
81.78074191663733
82.09410172131254
82.40473652598776
82.40473652598776
82.71264633066298
82.71264633066298
83.0178311353382
83.32029094001342
83.32029094001342
83.62002574468863
83.62002574468863
83.91703554936385
84.21132035403906
84.21132035403906
84.50288015871428
84.50288015871428
84.7917149633895
85.07782476806472
85.07782476806472
85.36120957273994
85.36120957273994
85.64186937741516
85.91980418209037
85.91980418209037
86.19501398676559
86.19501398676559
86.4674987914408
86.73725859611602
86.73725859611602
87.00429340079124
87.00429340079124
87.26860320546646
87.53018801014169
87.53018801014169
87.7890478148169
87.7890478148169
88.04518261949211
88.29859242416732
88.29859242416732
88.54927722884254
88.54927722884254
88.79723703351776
89.04247183819298
89.04247183819298
89.2849816428682
89.2849816428682
89.52476644754343
89.76182625221864
89.76182625221864
89.99616105689385
89.99616105689385
90.22777086156907
90.45665566624429
90.45665566624429
90.68281547091951
90.68281547091951
90.90625027559473
91.12696008026995
91.12696008026995
91.34494488494516
91.34494488494516
91.56020468962038
91.77273949429559
91.77273949429559
91.98254929897081
91.98254929897081
92.18963410364603
92.39399390832125
92.39399390832125
92.59562871299647
92.59562871299647
92.79453851767168
92.9907233223469
92.9907233223469
93.18418312702211
93.18418312702211
93.37491793169733
93.56292773637254
93.56292773637254
93.74821254104776
93.74821254104776
93.93077234572299
94.11060715039821
94.11060715039821
94.28771695507342
94.28771695507342
94.46210175974863
94.63376156442385
94.63376156442385
94.80269636909907
94.80269636909907
94.96890617377429
95.13239097844951
95.13239097844951
95.29315078312473
95.29315078312473
95.45118558779994
95.60649539247515
95.60649539247515
95.75908019715037
95.75908019715037
95.90894000182558
96.0560748065008
96.0560748065008
96.20048461117602
96.20048461117602
96.34216941585125
96.48112922052647
96.48112922052647
96.61736402520168
96.61736402520168
96.7508738298769
96.88165863455211
96.88165863455211
97.00971843922733
97.00971843922733
97.13505324390255
97.25766304857777
97.25766304857777
97.37754785325299
97.37754785325299
97.4947076579282
97.60914246260342
97.60914246260342
97.72085226727863
97.72085226727863
97.82983707195385
97.93609687662907
97.93609687662907
98.03963168130429
98.03963168130429
98.14044148597951
98.23852629065473
98.23852629065473
98.33388609532994
98.33388609532994
98.42652090000516
98.51643070468037
98.51643070468037
98.60361550935559
98.60361550935559
98.68807531403081
98.76981011870603
98.76981011870603
98.84881992338126
98.84881992338126
98.92510472805647
98.99866453273168
98.99866453273168
99.0694993374069
99.0694993374069
99.13760914208211
99.20299394675733
99.20299394675733
99.26565375143255
99.26565375143255
99.32558855610777
99.38279836078299
99.38279836078299
99.4372831654582
99.4372831654582
99.48904297013341
99.53807777480863
99.53807777480863
99.58438757948385
99.58438757948385
99.62797238415907
99.66883218883429
99.66883218883429
99.70696699350951
99.70696699350951
99.74237679818472
99.77506160285994
99.77506160285994
99.80502140753515
99.80502140753515
99.83225621221037
99.85676601688559
99.85676601688559
99.87855082156081
99.87855082156081
99.89761062623603
99.91394543091124
99.91394543091124
99.92755523558645
99.92755523558645
99.93844004026167
99.94659984493688
99.94659984493688
99.9520346496121
99.9520346496121
99.95474445428732
99.95472925896254
99.95472925896254
99.95198906363777
99.95198906363777
99.94652386831298
99.9383336729882
99.9383336729882
99.92741847766341
99.92741847766341
99.91377828233863
99.89741308701385
99.89741308701385
99.87832289168907
99.87832289168907
99.85650769636429
99.8319675010395
99.8319675010395
99.80470230571471
99.80470230571471
99.77471211038993
99.74199691506514
99.74199691506514
99.70655671974036
99.70655671974036
99.66839152441558
99.6275013290908
99.6275013290908
99.58388613376603
99.58388613376603
99.53754593844124
99.48848074311645
99.48848074311645
99.43669054779167
99.43669054779167
99.38217535246689
99.32493515714211
99.32493515714211
99.26496996181733
99.26496996181733
99.20227976649255
99.13686457116776
99.13686457116776
99.06872437584298
99.06872437584298
98.99785918051819
98.92426898519341
98.92426898519341
98.84795378986863
98.84795378986863
98.76891359454385
98.68714839921907
98.68714839921907
98.60265820389428
98.60265820389428
98.51544300856949
98.4255028132447
98.4255028132447
98.33283761791992
98.33283761791992
98.23744742259514
98.13933222727036
98.13933222727036
98.03849203194558
98.03849203194558
97.9349268366208
97.82863664129601
97.82863664129601
97.71962144597123
97.71962144597123
97.60788125064644
97.49341605532166
97.49341605532166
97.37622585999688
97.37622585999688
97.2563106646721
97.13367046934732
97.13367046934732
97.00830527402253
97.00830527402253
96.88021507869774
96.74939988337296
96.74939988337296
96.61585968804818
96.61585968804818
96.4795944927234
96.34060429739861
96.34060429739861
96.19888910207384
96.19888910207384
96.05444890674906
95.90728371142427
95.90728371142427
95.75739351609948
95.75739351609948
95.6047783207747
95.44943812544992
95.44943812544992
95.29137293012514
95.29137293012514
95.13058273480036
94.96706753947558