99.99996662851078
99.9990896663835
99.99904426466748
99.97934187774416
99.97910482153384
99.97870490628452
99.97835178578919
99.97792534216785
99.97143366286463
99.96297721557505
99.95181679151642
99.9449790420154
99.92033203043195
99.91704046231285
99.9116549934646
99.88558770821817
99.8705638025848
99.83732415434571
99.83076022962103
99.82679128275379
99.71553418994972
99.70002885056937
99.69281519310124
99.64305774519522
99.62347744030069
99.6070020232761
99.59159578441046
99.54551672755679
99.53130069603247
99.47871199073842
99.32353385869061
99.2554080382996
99.18802387067899
99.16328573643489
99.16221071876026
99.10452002227072
99.06513054606114
98.99870840411904
98.96118070179722
98.8944404994678
98.88900382967677
98.73159230199394
98.70535005591722
98.68396111152123
98.57400390977455
98.55134066295551
98.55049791205897
98.4652616866619
98.410943552969
98.36772142609789
98.30503886853376
98.25781420038317
98.21814773173429
98.21808742127689
98.19071500013229
98.1850670072439
98.14440701997353
98.10131803900214
98.04930834411164
97.97582955718053
97.9548484755772
97.95242112364951
97.8522034943291
97.73672692063542
97.6966062020901
97.65693217398768
97.62078561031171
97.6045901860204
97.57998975555086
97.46949158510529
97.37231489022145
97.35426009723011
97.24576180256219
97.24450891138167
97.22841780580717
97.215226867907
97.07964604361467
97.04548499034462
96.67397610163493
96.63671900472548
96.50801442238514
96.4974634964729
96.46868096250716
96.44168779900224
96.38514906070117
96.38405572119387
96.22442442383829
96.194973555111
96.17823530586554
95.99519841609907
95.95229464528558
95.88700319330991
95.67790599555508
95.63336862343874
95.29673434953031
95.24617327727827
94.99021263229429
94.72926375978176
94.68998226185681
94.55932374388988
94.50756899689992
94.4906489213538
94.3821564006808
94.32818526660725
94.19768491757122
94.18361105317229
94.15203033993544
94.05961318304651
93.95354129076276
93.81119294786777
93.77645625600275
93.76317314095621
93.41227277212874
93.32316631286903
93.30622625090558
93.2947672668862
92.97313151814359
92.94147577616104
92.84122236243024
92.84112555819354
92.50777032418875
92.4429330044926
92.37378349047748
92.32327395620752
92.31133374242245
92.13851184613577
91.96472790878983
91.92113045599467
91.78395441139577
91.7205514185776
91.57291317944055
91.08933742236985
90.98379640780831
90.8508279005527
90.74766447421172
90.51319633544489
90.45975250263274
90.41393238474922
90.37323689867566
90.36313225476925
90.29045542146412
90.22965575883632
89.92284325490886
89.88691616676493
89.7197345645464
89.70167658481671
89.63601927163262
89.62550293258539
89.39232586186341
89.35169587625808
89.08312106803032
88.61512066993134
88.46957831308526
88.43346593850134
88.3824236701189
88.04807657499367
88.0064647510751
87.46317056849472
87.28225119597687
87.2190202556551
87.08377045890205
86.93779143797883
86.89038120787143
86.72959591121838
86.68609424192653
86.50274456124964
86.39387151391594
86.27329424212724
85.93809318138244
85.35977826304645
85.2220929693824
85.1592489606191
85.10294891321371
85.06001158027846
84.8463019645792
84.80375023953223
84.7978240798293
84.7972227589051
84.54922795764901
84.40969777720625
84.05230095188051
83.79484071221134
83.71963933315033
83.6197706948351
83.51441506563151
83.26449554100168
83.24944547162806
83.19081242160541
83.14498033812657
82.88632241070576
82.56635463153862
82.41627723697195
82.38159950684076
82.28856341421266
82.2047135662151
81.98124933924151
81.46507539612736
81.45287908268625
81.19983344468443
80.91595954649318
80.68496006094705
80.49204726347125
80.46188842074855
80.41992059906187
80.23438194368731
79.97231172342066
79.28688593854162
79.2062123956174
78.67825381821456
78.57679779791636
78.22243144912574
77.48936588898124
77.41681975923512
77.1465235935994
76.68794594808134
76.60894074964455
76.38300567908715
76.06398339492597
75.67553947030945
75.5619062659926
75.51573650743887
75.37012142290996
75.13827629020739
74.48600910108388
74.37407532440585
74.28807333140185
74.16708950163104
73.94273115796375
73.9301811688461
73.84506134364244
73.50580725849312
73.3207714080446
73.24162371256585
72.43098520227107
72.33392098100404
72.06494728676256
72.01812926345201
71.58070020172812
71.39371493218482
71.12305768014403
70.98052117640145
70.82539177973393
70.54874121337616
70.46164375988633
69.89223939195398
69.88201899419897
69.38367249775632
68.45901745311687
67.84229901810886
67.09732912351103
66.90528737301071
66.854626501898
66.84662415786994
66.57846003662553
66.2452430846721
65.08065833293199
65.02029211820746
64.41577643600488
64.36300671200593
64.2861788016923
64.02962708772452
63.435514791076116
63.36412739510325
62.943163903677316
62.927944466140275
61.95367859778884
61.87395494238706
61.75028196560248
61.73291107608446
61.083198514414676
61.07183077037905
61.016583202337415
60.590291264244684
60.53974882965235
60.15959023997141
60.03503030372684
59.9416673263911
59.87974081739566
59.66253430347109
59.063308057717904
58.87267881501606
58.788268846179164
57.96941797845943
57.802752366804214
57.51476732347521
57.47860231485424
57.44168172640906
56.62915947977024
55.85768996678809
55.423378639894395
54.978900664718196
54.84875746582304
54.48281512998045
54.44648759973575
54.26702823304305
54.160953158558414
53.650585046633694
53.33130963581107
52.35113897775966
51.9256662542644
51.855867509127336
51.749702134937195
51.51466102882614
51.447124831964175
50.6728492847227
50.44411113769348
50.43177024639135
49.983476595009336
49.73536460430745
49.50543636726326
48.645507856879476
47.93940333790789
47.90333180785984
47.85674749766804
47.78495302938012
47.4483642956539
46.791462831616
46.75454546869139
46.483028249981146
45.819898455157215
45.68947131573401
45.4744629143774
45.28145711298737
45.252992117049985
44.93588282636489
44.35703718804689
43.68948956335851
43.4442564645052
43.40139137192233
43.106023032126586
42.893347032013594
42.740282275629625
42.12688302813791
41.65440988161595
41.600201332623726
40.576311982317634
40.53646755450393
39.3053600575966
39.13585545025035
38.707647965819945
37.83808228499248
37.74748354202029
37.38945862898623
37.214181847679356
36.86289328506558
36.701281716321546
36.65802969549844
36.51018838809597
36.3544611171842
35.40040646203943
35.22236922098341
35.010595015452395
34.78416534600285
34.75161187496332
34.73088381799863
34.70664930299108
34.0783182468644
33.430281584217255
33.4010639190945
33.39963824298286
33.29120479740152
33.218992417292895
33.023006965084505
32.732838992080474
32.41180945482506
32.13330448691073
31.987339488772932
31.56180082402227
31.51846215288265
31.39895564022902
31.279175139711526
31.039743056023553
31.02752975231806
30.92084446005913
30.810475333708496
30.750761892198796
30.518784082604213
30.03164135098274
29.923300310684226
29.787752605815342
28.775507897070725
28.530330104753432
28.45545599959496
28.217249730679953
28.0946834560217
27.85541102150364
27.680956375693995
27.552996436188494
27.1646725562415
27.137640717991133
26.630842342210542
26.276935889021217
26.263725983599898
25.826765513520172
25.55556670238292
25.54385555119029
25.3947453382807
25.294176600074536
24.406916665479628
24.07276367705674
24.021884220215668
23.923796233534745
23.65628587192407
23.222291016063707
21.288715977195807
20.722915544527893
20.321974710767677
19.535719420891667
19.066002294024486
18.867786862406092
18.29613592801104
17.99546430102771
16.98302755516852
16.733532385334854
16.645805498314644
16.57992994217193
15.62094342310104
15.38870835077995
15.366558638695949
14.840149206636568
14.397038186774012
14.09578245826168
14.034035971897765
13.765165035313714
13.630412450639085
12.335110895621938
11.805349648691788
11.70031224068532
11.019165678777654
10.800356012713394
10.0404520120955
9.833983571348995
9.531151736866377
9.494529052968062
9.177750013665218
9.066196146808977
8.982997591008427
8.70335782187675
7.892101539348914
7.546562829425568
5.837868793932444
5.819974858825333
4.639737541509419
3.711963515481841
3.6685162617024503
3.458454470007723
3.153717840600166
3.0833184106932663
2.3725822093338707
2.0471630860015466
1.8024821881756452
1.2505389066141674
1.9452460187800398
2.9881271896481394
3.3594704888871547
4.037065242985079
4.112753304854039
7.652105030817381
7.7759924123783435
7.9388183413566935
7.9551129477640075
9.275557358888364
10.002419159256078
10.860335263531681
10.995856323819623
11.710066216451253
12.16642044070909
12.24737819853334
12.921953304942747
13.474183262838153
14.591141543753565
15.026660805294284
15.139033322020737
15.78683469931434
16.110673272667555
16.45524755332167
16.720192789774387
16.86369904418285
18.349503019325823
18.528807858095547
18.862202754191628
19.239783327571615
21.26866900418179
21.306537665779786
22.302868265597283
22.34651400199982
22.567045552421916
22.644962882825723
22.722841013229527
22.814868132304582
22.911517584965168
22.9448345856855
23.139078785323704
23.22993224909345
23.526864776112006
24.627278423188557
24.74039906512371
24.758725303415645
25.752389399194442
25.80128286408535
25.89773815076944
26.00458796331128
26.168744648266966
26.852091401236237
26.858788133909172
27.557395548299553
28.53076651749859
28.675548120955682
29.230766184304628
29.357484726713153
30.10482709982972
30.32499812005102
30.595840765444393
30.691576892439343
31.116629418216746
31.13868898475704
31.193047410648887
31.33374108645404
31.358072884136163
31.36192682334132
32.66204891147356
32.852177003783595
32.89255809591447
33.094450321000124
33.34183645933774
33.92702034718718
34.350307991693626
34.66329162502154
34.698813649773285
35.16840763266504
35.55433277652406
35.8107203213948
37.51028774318354
37.90121226825016
37.99384025838526
38.33169544113156
38.695884279551876
39.29791484903723
39.78002858090122
39.90643841612945
40.26693775845018
40.674923281718065
40.79261614799202
40.83770227779496
40.85921538157487
41.208522891063126
41.91880239725299
42.49086956174307
42.81649976356812
42.817909931552435
42.9782796539659
43.09990155853126
43.64086826183268
43.94326549217283
44.966507565983875
45.390804742241414
45.93060222725347
46.04157195251611
46.63305638417302
46.854645450406565
47.921142547518
48.25788829092454
49.30837343806013
49.64430930919718
49.992757314704534
50.874134468977445
51.012654176182764
51.41482734819277
51.47096873216043
52.91560146651244
53.25754874519902
53.8612309121429
54.25566582534566
54.2950039444807
54.43251037420498
54.49228966325069
54.901525993553776
55.24994884686379
55.29956569293563
56.17231599738142
56.201634748335664
56.43583195596966
56.50391395578424
56.70315911251663
57.302714675799734
57.500399527075615
57.61582669391157
58.219055689765526
58.23084362274494
58.42754100407228
59.05985908257395
59.26903334591708
59.27371966068074
59.53398440882029
59.96756294415178
60.1299441322912
60.26593793678251
60.349660009105094
60.94477491467853
60.99492763540502
61.77003904266695
61.795468885168816
62.04149165462036
62.70356709040493
62.811700604107216
62.85730757038715
62.89693728424055
62.99484888035096
63.03237777990154
63.15422220824723
63.60586474984217
63.81092870643221
64.49503464874067
64.814848955262
64.94544630664495
65.49815178187373
65.60215716292191
66.00652948705579
67.8370914503945
67.86995829791715
67.94020749993075
68.20129029643141
68.34257240479087
68.7338750374571
68.96326190681066
69.06930197213416
69.51521457665098
69.99583557381561
70.03069100485368
70.77084612261962
71.16166746608263
71.18152645752099
71.20346016689825
71.20470724349809
71.54290718138196
71.58207485669999
72.35652858719294
72.81277721288973
72.87242156705094
73.05672492507387
73.15671476890441
73.18946805932694
73.2224516700025
73.23387625138128
73.55383935447747
73.84922805020972
74.0892726744903
74.51603825872553
74.52722473701056
74.56784633288333
74.67945151260113
74.88840623531064
75.15044885487418
75.20292753872951
75.50493694550056
75.7297126876133
75.79047126896523
75.88054526850777
75.93276315011957
75.9979351074715
76.39923601903865
77.16580660438683
77.2176354997058
77.30914112191692
77.51466497699153
77.55210245373996
77.73468346666385
77.73636975733768
77.91104787759667
77.91486135199455
77.98345557548481
78.2235640053006
78.35944674527195
78.36596901667463
78.46304318637567
79.13922068294096
79.99292105098078
80.08056293024873
80.12342882918762
80.51593755312217
80.5489358787558
80.56322268406814
80.87460886898123
81.11160208537319
81.24598842573073
81.38905246527196
81.57279860817766
81.62983539351683
81.70405618996443
81.73482395319724
82.02486348669407
82.10828387808658
82.14545898496317
82.19395160962893
82.25246777463263
82.77788304504963
82.85855138207961
83.05794098255524
83.10100608362512
83.16917168274
83.30237860961336
83.3240338838392
83.34510223319154
83.38384541472209
83.54898419099828
83.668507552822
83.81151436629989
83.84012834706454
84.34429772484498
84.44582920566052
84.45446590609487
84.48516673242915
84.54889366875892
84.59470881408669
84.65970994167418
84.67298186075044
85.60086451637801
85.62918321078712
85.9710889038065
85.9941122451898
86.13704845938628
86.33713111015248
86.40261413024194
86.89410182102989
86.91015080188345
87.06781777232288
87.43799185475905
88.12935852256277
88.2488996664323
88.2789015320667
88.5724402909637
88.78026172772098
88.84983996041171
88.86000584772222
89.00300949542083
89.012324044016
89.16276417119747
89.49764130129569
89.88393045343804
90.47951200618945
90.69740737159208
90.76294938470915
90.78990365372209
90.82684408059112
90.99373544274516
91.33866492997316
91.43598990383157
91.51852426960647
91.74331178446994
91.74348596648241
91.87999572172635
91.89767800975983
91.94151249494166
91.97238880461123
92.04356185855363
92.12272482403665
92.14635781792668
92.3989996451806
92.4478833573765
92.57769064235106
92.62016766825667
92.72969828942956
92.9692392232725
92.97573270361272
93.02709992485336
93.17909514274533
93.25408920970813
93.2987719714676
93.77915611188672
94.22669709297998
94.26638305921159
94.2977562696235
94.33070672771578
94.37245633140253
94.42171667450248
94.43028551731169
94.69093529383247
94.6913081933194
95.17913349523945
95.21804570963161
95.40067386646189
95.41843301407863
95.48610860889528
95.55202602328478
95.58196980380444
95.80582106943388
95.81473400418048
95.8350921159693
95.92122260379347
95.92214461767463
95.95193434543808
96.06752158976889
96.18044173024094
96.22731579432968
96.29474929227172
96.51883383566894
96.5945949032864
96.60435857595644
96.66428642309006
96.69663114914164
96.82240848546945
96.9618203759569
96.96223457086046
97.07127906052227
97.07382826133477
97.07814593572556
97.19021012801369
97.19768333225278
97.22718315264365
97.30367682248016
97.34219752201028
97.34686769971313
97.44432021733564
97.50581307883067
97.51472213160497
97.56091732386443
97.61714300859961
97.6600388788629
97.67024003568719
97.69471782726117
97.70318327599449
97.79381462128407
97.97589623553995
98.17557882922995
98.28473664283797
98.41004925892793
98.48107529498549
98.55982934528737
98.56951334877124
98.59527971986785
98.73416034250926
98.81359531214025
98.8181470891426
98.88579247461627
98.93261187652905
98.98691915274867
99.10540127509637
99.15448706895705
99.16919992645614
99.26939030121991
99.29414190134764
99.37675976105243
99.40753677139884
99.41259791105017
99.42859353020947
99.4421773547287
99.51440905175849
99.55333400972694
99.61485917572611
99.62206036596837
99.63424144599082
99.65658110779873
99.67022489642869
99.68627404278465
99.71865869693465
99.72315617109155
99.72903079672898
99.78425355102002
99.78618995016461
99.78739963060605
99.81814356670588
99.83658413216494
99.83992542172564
99.8568638863917
99.8747133377716
99.9097453309954
99.92409611563426
99.94676660669819
99.97423662064148
99.97533354471653
99.98916892532645
100.00297155695546
100.00347093395254
100.02153589323109
100.02215072804461
100.03335468801089
100.04102570963005
100.04313898268498
100.04324999923568
100.04330480864581
100.04109876098545
100.04075911169872
100.03978600226463
100.03302976793339
100.02965368131282
100.02940866859649
100.02234512479725
100.02188409805933
100.01892468283813
100.0111184462204
100.0088053965141
100.00089186988237
99.99834900178837
99.99657203150053
99.9884605606228
99.98581776798352
99.98006833540433
99.97387955981003
99.96801103932967
99.96556191050678
99.95437184565674
99.95351015783541
99.94367683059625
99.92338424073353
99.90379795891698
99.81350501725774
99.77925298927153
99.77834639779792
99.7493681140362
99.73201817952264
99.71254880636803
99.70668799334646
99.70538038580236
99.68572739006908
99.67993883903051
99.66253305023696
99.60398583063113
99.58658201515732
99.50724221304245
99.4262530260632
99.33947855840614
99.08953803404023
99.05129102768547
99.02497126738325
98.9311135565909
98.92287944806708
98.83109573086313
98.81946880867861
98.8117248993504
98.71453737472206
98.67339777571408
98.6706378872205
98.53812553882864
98.5222059762553
98.48611879698308
98.38812469583587
98.34489179503618
98.31818750136415
98.12828805392996
98.11924833037227
97.93843087426018
97.84001793870544
97.82977816435164
97.57424712712543
97.52127315207298
97.47937252779496
97.32844810885456
97.32208403512084
97.3104906529365
97.10931590678632
97.08393186632554
96.9685901319944
96.9140093893065
96.83315564139241
96.71334532823533
96.64294295597148
96.61333985771239
96.59433419491728
96.56872949823003
96.56512972192462
96.54440307755323
96.4496329115471
96.39527397340396
96.09876321211823
96.08329847056166
95.92136670411082
95.91330048057489
95.85126925240831
95.81070646002047
95.70485341549312
95.67537367931641
95.61400797819618
95.35564822098189
95.35320284827799
95.2445066824452
95.23778766739053
95.1770804023513