499.24902
499.24707
499.24414
499.24023
499.23532
499.22943
499.21472
499.21472
499.2059
499.1961
499.17358
499.17358
499.14713
499.14713
499.11673
499.11673
499.08243
499.0638
499.0638
499.04422
499.02365
499.0021
498.97955
498.93152
498.93152
498.87958
498.85214
498.85214
498.82373
498.76398
498.76398
498.70026
498.66693
498.66693
498.63263
498.5611
498.5611
498.48566
498.44644
498.44644
498.36508
498.36508
498.27982
498.27982
498.23572
498.19064
498.09756
498.09756
498.04953
497.95053
497.95053
497.89957
497.84763
497.7947
497.68594
497.68594
497.6301
497.57324
497.4566
497.39682
497.39682
497.33606
497.27432
497.2116
497.08325
497.01758
496.95093
496.8833
496.8833
496.8147
496.74512
496.67456
496.60303
496.45703
496.45703
496.30707
496.23062
496.1532
496.1532
495.99542
495.99542
495.83374
495.75143
495.66812
495.58383
495.49857
495.41232
495.41232
495.2369
495.2369
495.0576
494.96646
494.96646
494.78122
494.78122
494.59207
494.59207
494.39902
494.30103
494.20206
494.1021
494.1021
493.89923
493.89923
493.69244
493.5876
493.5876
493.37494
493.26715
493.1584
493.1584
493.0486
492.93787
492.71344
492.59976
492.4851
492.36948
492.25287
492.13525
492.13525
491.8971
491.77655
491.77655
491.53253
491.53253
491.2846
491.15918
491.03275
490.90533
490.90533
490.77695
490.64758
490.51724
490.38593
490.12036
490.12036
489.9861
489.71463
489.57742
489.57742
489.43924
489.15994
489.15994
488.87674
488.87674
488.73367
488.5896
488.44455
488.29852
488.00354
487.85458
487.85458
487.70465
487.55374
487.40186
487.24896
486.94025
486.78442
486.78442
486.46985
486.3111
486.15137
485.99066
485.99066
485.82895
485.66626
485.33795
485.33795
485.17233
484.83817
484.83817
484.5001
484.32956
484.32956
483.98557
483.8121
483.63766
483.46225
483.28586
483.1085
482.93015
482.7508
482.57047
482.38916
482.38916
482.20688
481.8394
481.8394
481.468
481.28082
481.09265
481.09265
480.71338
480.71338
480.3302
480.3302
480.13715
479.9431
479.7481
479.3551
479.3551
478.9582
478.9582
478.55737
478.3555
478.3555
478.15265
477.94882
477.744
477.53818
477.12363
477.12363
476.70517
476.70517
476.49448
476.2828
476.07016
475.8565
475.42627
475.2097
474.99213
474.99213
474.7736
474.55408
474.3336
474.11212
473.6662
473.6662
473.21637
473.21637
472.76263
472.5343
472.5343
472.0747
472.0747
471.8434
471.61115
471.3779
471.14368
470.6723
470.43515
470.43515
469.95792
469.95792
469.4767
469.4767
469.23465
468.7476
468.5026
468.25662
468.25662
467.76175
467.76175
467.2629
467.2629
466.76016
466.76016
466.50732
465.99872
465.99872
465.4862
465.4862
465.22845
464.96973
464.71002
464.18768
464.18768
463.92505
463.66144
463.39685
463.1313
462.59717
462.59717
462.05914
462.05914
461.5172
461.5172
460.97137
460.69696
460.69696
460.1452
460.1452
459.86786
459.58954
459.31024
459.02997
458.4665
458.4665
458.18326
457.61386
457.3277
457.04056
456.75244
456.46335
456.17328
456.17328
455.88223
455.29715
455.29715
454.70816
454.70816
454.4122
454.11526
453.51846
453.51846
452.91772
452.91772
452.31305
452.31305
451.70447
451.3987
451.3987
451.09198
450.78427
450.1659
450.1659
449.54358
449.23096
448.91736
448.60278
448.28723
448.28723
447.6532
447.6532
447.0152
446.69473
446.69473
446.05087
446.05087
445.72748
445.07776
445.07776
444.75143
444.0958
443.7665
443.43625
443.105
443.105
442.7728
442.10544
441.7703
441.7703
441.09702
440.7589
440.41983
440.07977
439.73874
439.73874
439.05374
439.05374
438.3648
438.01886
437.67194
437.32404
436.97516
436.6253
436.27448
436.27448
435.56985
435.56985
434.8613
434.50555
434.14883
434.14883
433.43246
433.43246
432.7122
432.7122
432.35056
431.62436
431.2598
431.2598
430.52774
430.16025
430.16025
429.79178
429.42233
429.05188
428.30804
428.30804
427.5603
427.5603
426.80865
426.80865
426.0531
426.0531
425.67383
425.29358
424.53015
424.53015
423.76282
423.3777
423.3777
422.99158
422.2164
422.2164
421.82733
421.04626
420.65427
420.65427
419.86734
419.86734
419.0765
418.6796
418.2817
418.2817
417.483
417.483
417.08218
416.27762
416.27762
415.87387
415.06342
415.06342
414.24902
414.24902
413.84036
413.0201
413.0201
412.60852
411.7824
411.36786
410.95233
410.95233
410.53583
409.6999
409.6999
408.86005
408.43866
408.43866
407.59293
407.16858
407.16858
406.31696
405.88968
405.88968
405.46143
405.0322
404.17078
404.17078
403.30542
402.87128
402.87128
402.43616
401.563
401.563
401.12494
401.17398
401.19702
401.2191
401.24017
401.24017
401.27942
401.27942
401.29758
401.33096
401.33096
401.36038
401.37363
401.3859
401.3859
401.3972
401.4075
401.4252
401.4252
401.43896
401.43896
401.44437
401.45224
401.4547
401.4562
401.45673
401.45673
401.45627
401.45483
401.4524
401.44897
401.4392
401.4392
401.42554
401.42554
401.40796
401.3977
401.38644
401.38644
401.3742
401.361
401.33163
401.33163
401.29837
401.29837
401.28027
401.2612
401.24112
401.24432
401.24545
401.24545
401.24637
401.24768
401.24814
401.24814
401.2485
401.2488
401.24905
401.24924
401.2494
401.2496
401.2496
401.2497
401.24982
401.24982
401.24985
401.2499
401.24994
401.24994
401.24994
401.24994
401.24994
401.24994
401.24994
401.24994
401.24994
401.24994
401.24994
401.24994
401.24994
401.24994
401.24994
401.24994
401.24994
401.24994
401.24994
401.24994
401.24994
401.24994
401.24994
401.24994
401.24994
401.24994
401.24994
401.24994
401.24994
401.24994
401.24994
401.24994
401.24994
401.24994
401.24994
401.24994
401.24994
401.24994
401.24994
401.24994
401.24994
401.24994
401.24994
401.24994
401.24994
401.24994
401.24994
401.24994
401.24994
401.24994
401.24994
401.24994
401.24994
401.24994
401.24994
401.24994
401.24994
401.24994
401.24994
401.24994
401.24994
401.24994
401.24994
401.24994
401.24994
401.24994
401.24994
401.24994
401.24994
401.24994
401.24994
401.24994
401.24994
401.24994
401.24994
401.24994
401.24994
401.24994
401.24994
401.24994
401.24994
401.24994
401.24994
401.24994
401.24994
401.24994
401.24994
401.24994
401.24994
401.24994
401.24994
401.24994
401.24994
401.24994
401.24994
401.24994
401.24994
401.24994
401.24994
401.24994
401.24994
401.24994
401.24994
401.24994
401.24994
401.24994
401.24994
401.24994
401.24994
401.24994
401.24994
401.24994
401.24994
401.24994
401.24994
401.24994
401.24994
401.24994
401.24994
401.24994
401.24994
401.24994
401.24994
401.24994
401.24994
401.24994
401.24994
401.24994
401.24994
401.24994
401.24994
401.24994
401.24994
401.24994
401.24994
401.24994
401.24994
401.24994
401.24994
401.24994
401.24994
401.24994
401.24994
401.24994
401.24994
401.24994
401.24994
401.24994
401.24994
401.24994
401.24994
401.24994
401.24994
401.24994
401.24994
401.24994
401.24994
401.24994
401.24994
401.24994
401.24994
401.24994
401.24994
401.24994
401.24994
401.24994
401.24994
401.24994
401.24994
401.24994
401.24994
401.24994
401.24994
401.24994
401.24994
401.24994
401.24994
401.24994
401.24994
401.24994
401.24994
401.24994
401.24994
401.24994
401.24994
401.24994
401.24994
401.24994
401.24994
401.24994
401.24994
401.24994
401.24994
401.24994
401.24994
401.24994
401.24994
401.24994
401.24994
401.24994
401.24994
401.24994
401.24994
401.24994
401.24994
401.24994
401.24994
401.24994
401.24994
401.24994
401.24994
401.24994
401.24994
401.24994
401.24994
401.24994
401.24994
401.24994
401.24994
401.24994
401.24994
401.24994
401.24994
401.24994
401.24994
401.24994
401.24994
401.24994
401.24994
401.24994
401.24994
401.24994
401.24994
401.24994
401.24994
401.24994
401.24994
401.24994
401.24994
401.24994
401.24994
401.24994
401.24994
401.24994
401.24994
401.24994
401.24994
401.24994
401.24994
401.24994
401.24994
401.24994
401.24994
401.24994
401.24994
401.24994
401.24994
401.24994
401.24994
401.24994
401.24994
401.24994
401.24994
401.24994
401.24994
401.24994
401.24994
401.24994
401.24994
401.24994
401.24994
401.24994
401.24994
401.24994
401.24994
401.24994
401.24994
401.24994
401.24994
401.24994
401.24994
401.24994
401.24994
401.24994
401.24994
401.24994
401.24994
401.24994
401.24994
401.24994
401.24994
401.24994
401.24994
401.24994
401.24994
401.24994
401.24994
401.24994
401.24994
401.24994
401.24994
401.24994
401.24994
401.24994
401.24994
401.24994
401.24994
401.24994
401.24994
401.24994
401.24994
401.24994
401.24994
401.24994
401.24994
401.24994
401.24994
401.24994
401.24994
401.24994
401.24994
401.24994
401.24994
401.24994
401.24994
401.24994
401.24994
401.24994
401.24994
401.24994
401.24994
401.24994
401.24994
401.24994
401.24994
401.24994
401.24994
401.24994
401.24994
401.24994
401.24994
401.24994
401.24994
401.24994
401.24994
401.24994
401.24994
401.24994
401.24994
401.24994
401.24994
401.24994
401.24994
401.24994
401.24994
401.24994
401.24994
401.24994
401.24994
401.24994
401.24994
401.24994
401.24994
401.24994
401.24994
401.24994
401.24994
401.24994
401.24994
401.24994
401.24994
401.24994
401.24994
401.24994
401.24994
401.24994
401.24994
401.24994
401.24994
401.24994
401.24994
401.24994
401.24994
401.24994
401.24994
401.24994
401.24994
401.24994
401.24994
401.24994
401.24994
401.24994
401.24994
401.24994
401.24994
401.24994
401.24994
401.24994
401.24994
401.24994
401.24994
401.24994
401.24994
401.24994
401.24994
401.24994
401.24994
401.24994
401.24994
401.24994
401.24994
401.24994
401.24994
401.24994
401.24994
401.24994
401.24994
401.24994
401.24994
401.24994
401.24994
401.24994
401.24994
401.24994
401.24994
401.24994
401.24994
401.24994
401.24994
401.24994
401.24994
401.24994
401.24994
401.24994
401.24994
401.24994
401.24994
401.24994
401.24994
401.24994
401.24994
401.24994
401.24994
401.24994
401.24994
401.24994
401.24994
401.24994
401.24994
401.24994
401.24994
401.24994
401.24994
401.24994
401.24994
401.24994
401.24994
401.24994
401.24994
401.24994
401.24994
401.24994
401.24994
401.24994
401.24994
401.24994
401.24994
401.24994
401.24994
401.24994
401.24994
401.24994
401.24994
401.24994
401.24994
401.24994
401.24994
401.24994
401.24994
401.24994
401.24994
401.24994
401.24994
401.24994
401.24994
401.24994
401.24994
