100.0
99.99901580810547
99.99706268310547
99.9941177368164
99.99020385742188
99.98531341552734
99.97943878173828
99.97260284423828
99.96478271484375
99.95599365234375
99.94623565673828
99.93550109863281
99.9238052368164
99.9111328125
99.89749908447266
99.88289642333984
99.8673324584961
99.85079956054688
99.83330535888672
99.8148422241211
99.79542541503906
99.7750473022461
99.75370788574219
99.73141479492188
99.70816040039062
99.68395233154297
99.6587905883789
99.6326675415039
99.60559844970703
99.57757568359375
99.54859924316406
99.5186767578125
99.48780059814453
99.45597839355469
99.42321014404297
99.38948822021484
99.35482788085938
99.31922149658203
99.28267669677734
99.24518585205078
99.20675659179688
99.1673812866211
99.12706756591797
99.08582305908203
99.04363250732422
99.0005111694336
98.95645141601562
98.91146087646484
98.86553955078125
98.81867980957031
98.77088928222656
98.72216796875
98.67252349853516
98.62194061279297
98.5704345703125
98.51800537109375
98.46465301513672
98.41036987304688
98.35516357421875
98.29903411865234
98.24198913574219
98.18402099609375
98.12512969970703
98.06532287597656
98.00460052490234
97.94295501708984
97.88040161132812
97.81692504882812
97.7525405883789
97.68724060058594
97.62103271484375
97.55390930175781
97.48587799072266
97.41693115234375
97.34708404541016
97.27632904052734
97.20466613769531
97.13209533691406
97.05862426757812
96.9842529296875
96.90897369384766
96.83279418945312
96.7557144165039
96.677734375
96.59886169433594
96.51908874511719
96.43841552734375
96.35684967041016
96.27438354492188
96.19102478027344
96.10678100585938
96.02163696289062
95.93560791015625
95.84868621826172
95.76087188720703
95.67217254638672
95.58258819580078
95.49211883544922
95.4007568359375
95.30851745605469
95.21538543701172
95.12138366699219
95.0264892578125
94.93071746826172
94.83406829833984
94.73653411865234
94.63813018798828
94.5388412475586
94.43868255615234
94.337646484375
94.2357406616211
94.1329574584961
94.029296875
93.92476654052734
93.81937408447266
93.71310424804688
93.60596466064453
93.49796295166016
93.38909149169922
93.27935028076172
93.16875457763672
93.05728149414062
92.94495391845703
92.8317642211914
92.71770477294922
92.60279083251953
92.48702239990234
92.3703842163086
92.25289154052734
92.1345443725586
92.01534271240234
91.8952865600586
91.77436828613281
91.65260314941406
91.52998352050781
91.4065170288086
91.28219604492188
91.15702056884766
91.031005859375
90.90413665771484
90.77642059326172
90.64785766601562
90.5184555053711
90.3882064819336
90.25711059570312
90.12517547607422
89.99239349365234
89.85877990722656
89.72431945800781
89.58901977539062
89.452880859375
89.31591033935547
89.1781005859375
89.0394515991211
88.89997100830078
88.75965881347656
88.6185073852539
88.47653198242188
88.33372497558594
88.19007873535156
88.04560852050781
87.90031433105469
87.75418853759766
87.60723114013672
87.45945739746094
87.31085205078125
87.16142272949219
87.01116943359375
86.86009979248047
86.70819854736328
86.55548858642578
86.40194702148438
86.24759674072266
86.09242248535156
85.93643188476562
85.77962493896484
85.62200164794922
85.46356201171875
85.30431365966797
85.14424896240234
84.9833755493164
84.82168579101562
84.65918731689453
84.49588012695312
84.3317642211914
84.1668472290039
84.00111389160156
83.83457946777344
83.667236328125
83.49909210205078
83.33013916015625
83.16038513183594
82.98983001708984
82.81847381591797
82.64631652832031
82.4733657836914
82.29960632324219
82.12506103515625
81.94970703125
81.77356719970703
81.59662628173828
81.41889190673828
81.24036407470703
81.06104278564453
80.88093566894531
80.70002746582031
80.5183334350586
80.33585357666016
80.15258026123047
79.96852111816406
79.78367614746094
79.5980453491211
79.41162872314453
79.22442626953125
79.03644561767578
78.8476791381836
78.65812683105469
78.4677963256836
78.27668762207031
78.08480072021484
77.89212799072266
77.69868469238281
77.50446319580078
77.30946350097656
77.11368560791016
76.9171371459961
76.71981048583984
76.52172088623047
76.3228530883789
76.12321472167969
75.92279815673828
75.72161865234375
75.5196762084961
75.31695556640625
75.11347198486328
74.90922546386719
74.70420837402344
74.49842834472656
74.29188537597656
74.08457946777344
73.87651062011719
73.66767883300781
73.45809173583984
73.24773406982422
73.03662872314453
72.82476043701172
72.61212921142578
72.39875030517578
72.18460845947266
71.96971130371094
71.75406646728516
71.53765869140625
71.32050323486328
71.10260009765625
70.88394165039062
70.6645278930664
70.44437408447266
70.22346496582031
70.0018081665039
69.77940368652344
69.55625915527344
69.33236694335938
69.10772705078125
68.88233947753906
68.65621185302734
68.4293441772461
68.20172882080078
67.97338104248047
67.7442855834961
67.51445770263672
67.28388214111328
67.05257415771484
66.8205337524414
66.5877456665039
66.35423278808594
66.11997985839844
65.88499450683594
65.64927673339844
65.4128189086914
65.1756362915039
64.9377212524414
64.69908142089844
64.45970153808594
64.2196044921875
63.97877502441406
63.737213134765625
63.49493408203125
63.251922607421875
63.00818634033203
62.763729095458984
62.518550872802734
62.27264404296875
62.02602005004883
61.7786750793457
61.530609130859375
61.281822204589844
61.032318115234375
60.7820930480957
60.53115463256836
60.27949905395508
60.02712631225586
59.77404022216797
59.520240783691406
59.265724182128906
59.010498046875
58.75455856323242
58.49790954589844
58.24054718017578
57.982479095458984
57.72370147705078
57.46421432495117
57.204017639160156
56.943115234375
56.68151092529297
56.41919708251953
56.15618133544922
55.892459869384766
55.62803649902344
55.362911224365234
55.097084045410156
54.83055877685547
54.56332778930664
54.29540252685547
54.02677536010742
53.75745391845703
53.48743438720703
53.21671676635742
52.94530487060547
52.673194885253906
52.400394439697266
52.12689971923828
51.85271453857422
51.57783508300781
51.30226516723633
51.0260009765625
50.749053955078125
50.471412658691406
50.193084716796875
49.91407012939453
49.63436508178711
49.35397720336914
49.07290267944336
48.79114532470703
48.50870132446289
48.22557830810547
47.941768646240234
47.65727996826172
47.372108459472656
47.08625411987305
46.79972457885742
46.512516021728516
46.22462463378906
45.936058044433594
45.64681625366211
45.35689926147461
45.06630325317383
44.7750358581543
44.48309326171875
44.19047546386719
43.89719009399414
43.60322952270508
43.308597564697266
43.0132942199707
42.717323303222656
42.42068099975586
42.123374938964844
41.82539749145508
41.52675247192383
41.22744369506836
40.92747116088867
40.6268310546875
40.32552719116211
40.0235595703125
39.72092819213867
39.41763687133789
39.113685607910156
38.8090705871582
38.5037956237793
38.1978645324707
37.891273498535156
37.584022521972656
37.276119232177734
36.96755599975586
36.6583366394043
36.34846496582031
36.03793716430664
35.72675323486328
35.414920806884766
35.10243225097656
34.7892951965332
34.47550582885742
34.161067962646484
33.845977783203125
33.53023910522461
33.2138557434082
32.896820068359375
32.579139709472656
32.26081466674805
31.94184112548828
31.62222671508789
31.301963806152344
30.981060028076172
30.659513473510742
30.337324142456055
30.014493942260742
29.691022872924805
29.366910934448242
29.04216194152832
28.716772079467773
28.390745162963867
28.0640811920166
27.736780166625977
27.408842086791992
27.08026885986328
26.751062393188477
26.421220779418945
26.090747833251953
25.759639739990234
25.427900314331055
25.095529556274414
24.762529373168945
24.428897857666016
24.094636917114258
23.759748458862305
23.424230575561523
23.08808708190918
22.75131607055664
22.41391944885254
22.075895309448242
21.73724937438965
21.397977828979492
21.058082580566406
20.717565536499023
20.37642478942871
20.034664154052734
19.692283630371094
19.349281311035156
19.005659103393555
18.661418914794922
18.316560745239258
17.971084594726562
17.62499237060547
17.278284072875977
16.930959701538086
16.583019256591797
16.234466552734375
15.885299682617188
15.535518646240234
15.185127258300781
14.834121704101562
14.48250675201416
14.130281448364258
13.777445793151855
13.42400074005127
13.069948196411133
12.715287208557129
12.36001968383789
12.004144668579102
11.647664070129395
11.290578842163086
10.93288803100586
10.574593544006348
10.215696334838867
9.856195449829102
9.496092796325684
9.135388374328613
8.774084091186523
8.412178993225098
8.049674034118652
7.68657112121582
7.322868347167969
6.958569049835205
6.593672752380371
6.228179931640625
5.862091064453125
5.4954071044921875
5.128128528594971
4.760256290435791
4.391790866851807
4.022732257843018
3.6530823707580566
3.2828402519226074
2.912008047103882
2.5405852794647217
2.1685731410980225
1.7959721088409424
1.4227826595306396
1.0490055084228516
0.674641489982605
0.299690842628479
-0.07584553956985474
0.039999961853027344
0.039999961853027344
0.039999961853027344
0.039999961853027344
0.039999961853027344
0.039999961853027344
0.039999961853027344
0.039999961853027344
0.039999961853027344
0.039999961853027344
0.039999961853027344
0.039999961853027344
0.039999961853027344
0.039999961853027344
0.039999961853027344
0.039999961853027344
0.039999961853027344
0.039999961853027344
0.039999961853027344
0.039999961853027344
0.039999961853027344
0.039999961853027344
0.039999961853027344
0.039999961853027344
0.039999961853027344
0.039999961853027344
0.039999961853027344
0.039999961853027344
0.039999961853027344
0.039999961853027344
0.039999961853027344
0.039999961853027344
0.039999961853027344
0.039999961853027344
0.039999961853027344
0.039999961853027344
0.039999961853027344
0.039999961853027344
0.039999961853027344
0.039999961853027344
0.039999961853027344
0.039999961853027344
0.039999961853027344
0.039999961853027344
0.039999961853027344
0.039999961853027344
0.039999961853027344
0.039999961853027344
0.039999961853027344
0.039999961853027344
0.039999961853027344
0.039999961853027344
0.039999961853027344
0.039999961853027344
0.039999961853027344
0.039999961853027344
0.039999961853027344
0.039999961853027344
0.039999961853027344
0.039999961853027344
0.039999961853027344
0.039999961853027344
0.039999961853027344
0.039999961853027344
0.039999961853027344
0.039999961853027344
0.039999961853027344
0.039999961853027344
0.039999961853027344
0.039999961853027344
0.039999961853027344
0.039999961853027344
0.039999961853027344
0.039999961853027344
0.039999961853027344
0.039999961853027344
0.039999961853027344
0.039999961853027344
0.039999961853027344
0.039999961853027344
0.039999961853027344
0.039999961853027344
0.039999961853027344
0.039999961853027344
0.039999961853027344
0.039999961853027344
0.039999961853027344
0.039999961853027344
0.039999961853027344
0.039999961853027344
0.039999961853027344
0.039999961853027344
0.039999961853027344
0.039999961853027344
0.039999961853027344
0.039999961853027344
0.039999961853027344
0.039999961853027344
0.039999961853027344
0.039999961853027344
0.039999961853027344
0.039999961853027344
0.039999961853027344
0.039999961853027344
0.039999961853027344
0.039999961853027344
0.039999961853027344
0.039999961853027344
0.039999961853027344
0.039999961853027344
0.039999961853027344
0.039999961853027344
0.039999961853027344
0.039999961853027344
0.039999961853027344
0.039999961853027344
0.039999961853027344
0.039999961853027344
0.039999961853027344
0.039999961853027344
0.039999961853027344
0.039999961853027344
0.039999961853027344
0.039999961853027344
0.039999961853027344
0.039999961853027344
0.039999961853027344
0.039999961853027344
0.039999961853027344
0.039999961853027344
0.039999961853027344
0.039999961853027344
0.039999961853027344
0.039999961853027344
0.039999961853027344
0.039999961853027344
0.039999961853027344
0.039999961853027344
0.039999961853027344
0.039999961853027344
0.039999961853027344
0.039999961853027344
0.039999961853027344
0.039999961853027344
0.039999961853027344
0.039999961853027344
0.039999961853027344
0.039999961853027344
0.039999961853027344
0.039999961853027344
0.039999961853027344
0.039999961853027344
0.039999961853027344
0.039999961853027344
0.039999961853027344
0.039999961853027344
0.039999961853027344
0.039999961853027344
0.039999961853027344
0.039999961853027344
0.039999961853027344
0.039999961853027344
0.039999961853027344
0.039999961853027344
0.039999961853027344
0.039999961853027344
0.039999961853027344
0.039999961853027344
0.039999961853027344
0.039999961853027344
0.039999961853027344
0.039999961853027344
0.039999961853027344
0.039999961853027344
0.039999961853027344
0.039999961853027344
0.039999961853027344
0.039999961853027344
0.039999961853027344
0.039999961853027344
0.039999961853027344
0.039999961853027344
0.039999961853027344
0.039999961853027344
0.039999961853027344
0.039999961853027344
0.039999961853027344
0.039999961853027344
0.039999961853027344
0.039999961853027344
0.039999961853027344
0.039999961853027344
0.039999961853027344
0.039999961853027344
0.039999961853027344
0.039999961853027344
0.039999961853027344
0.039999961853027344
0.039999961853027344
0.039999961853027344
0.039999961853027344
0.039999961853027344
0.039999961853027344
0.039999961853027344
0.039999961853027344
0.039999961853027344
0.039999961853027344
0.039999961853027344
0.039999961853027344
0.039999961853027344
0.039999961853027344
0.039999961853027344
0.039999961853027344
0.039999961853027344
0.039999961853027344
0.039999961853027344
0.039999961853027344
0.039999961853027344
0.039999961853027344
0.039999961853027344
0.039999961853027344
0.039999961853027344
0.039999961853027344
0.039999961853027344
0.039999961853027344
0.039999961853027344
0.039999961853027344
0.039999961853027344
0.039999961853027344
0.039999961853027344
0.039999961853027344
0.039999961853027344
0.039999961853027344
0.039999961853027344
0.039999961853027344
0.039999961853027344
0.039999961853027344
0.039999961853027344
0.039999961853027344
0.039999961853027344
0.039999961853027344
0.039999961853027344
0.039999961853027344
0.039999961853027344
0.039999961853027344
0.039999961853027344
0.039999961853027344
0.039999961853027344
0.039999961853027344
0.039999961853027344
0.039999961853027344
0.039999961853027344
0.039999961853027344
0.039999961853027344
0.039999961853027344
0.039999961853027344
0.039999961853027344
0.039999961853027344
0.039999961853027344
0.039999961853027344
0.039999961853027344
0.039999961853027344
0.039999961853027344
0.039999961853027344
0.039999961853027344
0.039999961853027344
0.039999961853027344
0.039999961853027344
0.039999961853027344
0.039999961853027344
0.039999961853027344
0.039999961853027344
0.039999961853027344
0.039999961853027344
0.039999961853027344
0.039999961853027344
0.039999961853027344
0.039999961853027344
0.039999961853027344
0.039999961853027344
0.039999961853027344
0.039999961853027344
0.039999961853027344
0.039999961853027344
0.039999961853027344
0.039999961853027344
0.039999961853027344
0.039999961853027344
0.039999961853027344
0.039999961853027344
0.039999961853027344
0.039999961853027344
0.039999961853027344
0.039999961853027344
0.039999961853027344
0.039999961853027344
0.039999961853027344
0.039999961853027344
0.039999961853027344
0.039999961853027344
0.039999961853027344
0.039999961853027344
0.039999961853027344
0.039999961853027344
0.039999961853027344
0.039999961853027344
0.039999961853027344
0.039999961853027344
0.039999961853027344
0.039999961853027344
0.039999961853027344
0.039999961853027344
0.039999961853027344
0.039999961853027344
0.039999961853027344
0.039999961853027344
0.039999961853027344
0.039999961853027344
0.039999961853027344
0.039999961853027344
0.039999961853027344
0.039999961853027344
0.039999961853027344
0.039999961853027344
0.039999961853027344
0.039999961853027344
0.039999961853027344
0.039999961853027344
0.039999961853027344
0.039999961853027344
0.039999961853027344
0.039999961853027344
0.039999961853027344
0.039999961853027344
0.039999961853027344
0.039999961853027344
0.039999961853027344
0.039999961853027344
0.039999961853027344
0.039999961853027344
0.039999961853027344
0.039999961853027344
0.039999961853027344
0.039999961853027344
0.039999961853027344
0.039999961853027344
0.039999961853027344
0.039999961853027344
0.039999961853027344
0.039999961853027344
0.039999961853027344
0.039999961853027344
0.039999961853027344
0.039999961853027344
0.039999961853027344
0.039999961853027344
0.039999961853027344
0.039999961853027344
0.039999961853027344
0.039999961853027344
0.039999961853027344
0.039999961853027344
0.039999961853027344
0.039999961853027344
0.039999961853027344
0.039999961853027344
0.039999961853027344
0.039999961853027344
0.039999961853027344
0.039999961853027344
0.039999961853027344
0.039999961853027344
0.039999961853027344
0.039999961853027344
0.039999961853027344
0.039999961853027344
0.039999961853027344
0.039999961853027344
0.039999961853027344
0.039999961853027344
0.039999961853027344
0.039999961853027344
0.039999961853027344
0.039999961853027344
0.039999961853027344
0.039999961853027344
0.039999961853027344
0.039999961853027344
0.039999961853027344
0.039999961853027344
0.039999961853027344
0.039999961853027344
0.039999961853027344
0.039999961853027344
0.039999961853027344
0.039999961853027344
0.039999961853027344
0.039999961853027344
0.039999961853027344
0.039999961853027344
0.039999961853027344
0.039999961853027344
0.039999961853027344
0.039999961853027344
0.039999961853027344
0.039999961853027344
0.039999961853027344
0.039999961853027344
0.039999961853027344
0.039999961853027344
0.039999961853027344
0.039999961853027344
0.039999961853027344
0.039999961853027344
0.039999961853027344
0.039999961853027344
0.039999961853027344
0.039999961853027344
0.039999961853027344
0.039999961853027344
0.039999961853027344
0.039999961853027344
0.039999961853027344
0.039999961853027344
0.039999961853027344
0.039999961853027344
0.039999961853027344
0.039999961853027344
0.039999961853027344
0.039999961853027344
0.039999961853027344
0.039999961853027344
0.039999961853027344
0.039999961853027344
0.039999961853027344
0.039999961853027344
0.039999961853027344
0.039999961853027344
0.039999961853027344
0.039999961853027344
0.039999961853027344
0.039999961853027344
0.039999961853027344
0.039999961853027344
0.039999961853027344
0.039999961853027344
0.039999961853027344
0.039999961853027344
0.039999961853027344
0.039999961853027344
0.039999961853027344
0.039999961853027344
0.039999961853027344
0.039999961853027344
0.039999961853027344
0.039999961853027344
0.039999961853027344
0.039999961853027344
0.039999961853027344
0.039999961853027344
0.039999961853027344
0.039999961853027344
0.039999961853027344
0.039999961853027344
0.039999961853027344
0.039999961853027344
0.039999961853027344
0.039999961853027344
0.039999961853027344
0.039999961853027344
0.039999961853027344
0.039999961853027344
0.039999961853027344
0.039999961853027344
0.039999961853027344
0.039999961853027344
0.039999961853027344
0.039999961853027344
0.039999961853027344
0.039999961853027344
0.039999961853027344
0.039999961853027344
0.039999961853027344
0.039999961853027344
0.039999961853027344
0.039999961853027344
0.039999961853027344
0.039999961853027344
0.039999961853027344
0.039999961853027344
0.039999961853027344
0.039999961853027344
0.039999961853027344
0.039999961853027344
0.039999961853027344
0.039999961853027344
0.039999961853027344
0.039999961853027344
0.039999961853027344
0.039999961853027344
0.039999961853027344
0.039999961853027344
0.039999961853027344
0.039999961853027344
0.039999961853027344
0.039999961853027344
0.039999961853027344
0.039999961853027344
0.039999961853027344
0.039999961853027344
