86.0
86.0
86.03122619983463
86.18735719900778
86.18735719900778
86.3122619983463
86.65575019652722
86.65575019652722
86.87433359536963
87.40517899255833
87.40517899255833
87.71744099090463
88.06092918908557
88.84158418495132
89.27875098263614
89.74714398015558
90.24676317750966
90.24676317750966
91.33968017172171
91.33968017172171
92.55750196527228
93.2132521617995
93.2132521617995
93.90022855816136
94.61843115435785
95.36785995038896
96.96039614195509
97.80350353749009
98.67783713285972
99.58339692806399
100.52018292310288
101.4881951179764
102.48743351268456
102.48743351268456
103.51789810722735
105.67250589581681
106.7966490898635
106.7966490898635
109.13861407746073
110.3564358710113
110.3564358710113
111.60548386439649
112.88575805761631
114.19725845067077
116.91393783628357
118.31911682884191
119.75552202123488
121.22315341346248
121.22315341346248
122.72201100552472
125.81340478915308
127.40594098071921
127.40594098071921
130.68469196335536
132.37090675442536
132.37090675442536
135.83701493606927
137.61690832664317
137.61690832664317
139.4280279170517
141.27037370729488
145.0487438872851
146.98476827703215
148.95201886661383
150.95049565603014
152.9801986452811
152.9801986452811
157.13328322328687
157.13328322328687
161.41127260063115
163.59710658905524
165.81416677731397
165.81416677731397
168.06245316540733
170.34196575333533
172.65270454109793
174.99466952869517
179.77227810339355
182.2079216904947
184.67479147743046
187.17288746420084
187.17288746420084
187.17288746264538
187.17288746264546
187.17288746264555
187.17288746264555
187.17288746264563
187.17288746264572
187.1728874626456
187.1728874626456
187.17288746264396
187.1728874626421
187.1728874626421
187.1728874626422
187.17288746264228
187.17288746264046
187.17288746264055
187.17288746263975
187.17288746263955
187.17288746263944
187.17288746263864
187.17288746263873
187.1728874626388
187.1728874626388
187.1728874626389
187.17288746263813
187.17288746263793
187.17288746263716
187.17288746263705
187.17288746263705
187.17288746263637
187.17288746263645
187.17288746263569
187.17288746263569
187.1728874626355
187.17288746263387
187.17288746263387
187.17288746263375
187.17288746263355
187.17288746263335
187.17288746263335
187.17288746263344
187.1728874626336
187.1728874626337
187.17288746263353
187.17288746263353
187.1728874626336
187.17288746263205
187.17288746263205
187.17288746263213
187.17288746263222
187.1728874626315
187.17288746263088
187.17288746263088
187.17288746263105
187.17288746263114
187.17288746263114
187.17288746263122
187.17288746263105
187.17288746263122
187.1728874626313
187.1728874626314
187.17288746263148
187.17288746263156
187.17288746263156
187.1728874626309
187.17288746263026
187.1728874626297
187.1728874626297
187.1728874626283
187.17288746262764
187.17288746262764
187.172887462627
187.17288746262682
187.17288746262534
187.17288746262403
187.17288746262338
187.17288746262338
187.1728874626228
187.1728874626228
187.1728874626229
187.17288746262273
187.17288746262264
187.17288746262264
187.1728874626228
187.1728874626229
187.17288746262298
187.17288746262298
187.17288746262244
187.17288746262182
187.17288746262182
187.17288746262128
187.17288746262136
187.17288746262136
187.17288746262145
187.17288746262162
187.17288746262162
187.17288746262156
187.17288746262096
187.17288746262105
187.17288746262113
187.17288746262122
187.1728874626213
187.17288746262
187.17288746262
187.17288746261943
187.1728874626196
187.1728874626196
187.17288746261846
187.1728874626179
187.1728874626179
187.17288746261798
187.1728874626175
187.17288746261693
187.17288746261693
187.1728874626171
187.17288746261653
187.17288746261653
187.17288746261596
187.17288746261482