100.0
99.99901580810547
99.99706268310547
99.9941177368164
99.99020385742188
99.98531341552734
99.97943878173828
99.97260284423828
99.96478271484375
99.95599365234375
99.94623565673828
99.93550109863281
99.9238052368164
99.9111328125
99.89749908447266
99.88289642333984
99.8673324584961
99.85079956054688
99.83330535888672
99.8148422241211
99.79542541503906
99.7750473022461
99.75370788574219
99.73141479492188
99.70816040039062
99.68395233154297
99.6587905883789
99.6326675415039
99.60559844970703
99.57757568359375
99.54859924316406
99.5186767578125
99.48780059814453
99.45597839355469
99.42321014404297
99.38948822021484
99.35482788085938
99.31922149658203
99.28267669677734
99.24518585205078
99.20675659179688
99.1673812866211
99.12706756591797
99.08582305908203
99.04363250732422
99.0005111694336
98.95645141601562
98.91146087646484
98.86553955078125
98.81867980957031
98.77088928222656
98.72216796875
98.67252349853516
98.62194061279297
98.5704345703125
98.51800537109375
98.46465301513672
98.41036987304688
98.35516357421875
98.29903411865234
98.24198913574219
98.18402099609375
98.12512969970703
98.06532287597656
98.00460052490234
97.94295501708984
97.88040161132812
97.81692504882812
97.7525405883789
97.68724060058594
97.62103271484375
97.55390930175781
97.48587799072266
97.41693115234375
97.34708404541016
97.27632904052734
97.20466613769531
97.13209533691406
97.05862426757812
96.9842529296875
96.90897369384766
96.83279418945312
96.7557144165039
96.677734375
96.59886169433594
96.51908874511719
96.43841552734375
96.35684967041016
96.27438354492188
96.19102478027344
96.10678100585938
96.02163696289062
95.93560791015625
95.84868621826172
95.76087188720703
95.67217254638672
95.58258819580078
95.49211883544922
95.4007568359375
95.30851745605469
95.21538543701172
95.12138366699219
95.0264892578125
94.93071746826172
94.83406829833984
94.73653411865234
94.63813018798828
94.5388412475586
94.43868255615234
94.337646484375
94.2357406616211
94.1329574584961
94.029296875
93.92476654052734
93.81937408447266
93.71310424804688
93.60596466064453
93.49796295166016
93.38909149169922
93.27935028076172
93.16875457763672
93.05728149414062
92.94495391845703
92.8317642211914
92.71770477294922
92.60279083251953
92.48702239990234
92.3703842163086
92.25289154052734
92.1345443725586
92.01534271240234
91.8952865600586
91.77436828613281
91.65260314941406
91.52998352050781
91.4065170288086
91.28219604492188
91.15702056884766
91.031005859375
90.90413665771484
90.77642059326172
90.64785766601562
90.5184555053711
90.3882064819336
90.25711059570312
90.12517547607422
89.99239349365234
89.85877990722656
89.72431945800781
89.58901977539062
89.452880859375
89.31591033935547
89.1781005859375
89.0394515991211
88.89997100830078
88.75965881347656
88.6185073852539
88.47653198242188
88.33372497558594
88.19007873535156
88.04560852050781
87.90031433105469
87.75418853759766
87.60723114013672
87.45945739746094
87.31085205078125
87.16142272949219
87.01116943359375
86.86009979248047
86.70819854736328
86.55548858642578
86.40194702148438
86.24759674072266
86.09242248535156
85.93643188476562
85.77962493896484
85.62200164794922
85.46356201171875
85.30431365966797
85.14424896240234
84.9833755493164
84.82168579101562
84.65918731689453
84.49588012695312
84.3317642211914
84.1668472290039
84.00111389160156
83.83457946777344
83.667236328125
83.49909210205078
83.33013916015625
83.16038513183594
82.98983001708984
82.81847381591797
82.64631652832031
82.4733657836914
82.29960632324219
82.12506103515625
81.94970703125
81.77356719970703
81.59662628173828
81.41889190673828
81.24036407470703
81.06104278564453
80.88093566894531
80.70002746582031
80.5183334350586
80.33585357666016
80.15258026123047
79.96852111816406
79.78367614746094
79.5980453491211
79.41162872314453
79.22442626953125
79.03644561767578
78.8476791381836
78.65812683105469
78.4677963256836
78.27668762207031
78.08480072021484
77.89212799072266
77.69868469238281
77.50446319580078
77.30946350097656
77.11368560791016
76.9171371459961
76.71981048583984
76.52172088623047
76.3228530883789
76.12321472167969
75.92279815673828
75.72161865234375
75.5196762084961
75.31695556640625
75.11347198486328
74.90922546386719
74.70420837402344
74.49842834472656
74.29188537597656
74.08457946777344
73.87651062011719
73.66767883300781
73.45809173583984
73.24773406982422
73.03662872314453
72.82476043701172
72.61212921142578
72.39875030517578
72.18460845947266
71.96971130371094
71.75406646728516
71.53765869140625
71.32050323486328
71.10260009765625
70.88394165039062
70.6645278930664
70.44437408447266
70.22346496582031
70.0018081665039
69.77940368652344
69.55625915527344
69.33236694335938
69.10772705078125
68.88233947753906
68.65621185302734
68.4293441772461
68.20172882080078
67.97338104248047
67.7442855834961
67.51445770263672
67.28388214111328
67.05257415771484
66.8205337524414
66.5877456665039
66.35423278808594
66.11997985839844
65.88499450683594
65.64927673339844
65.4128189086914
65.1756362915039
64.9377212524414
64.69908142089844
64.45970153808594
64.2196044921875
63.97877502441406
63.737213134765625
63.49493408203125
63.251922607421875
63.00818634033203
62.763729095458984
62.518550872802734
62.27264404296875
62.02602005004883
61.7786750793457
61.530609130859375
61.281822204589844
61.032318115234375
60.7820930480957
60.53115463256836
60.27949905395508
60.02712631225586
59.77404022216797
59.520240783691406
59.265724182128906
59.010498046875
58.75455856323242
58.49790954589844
58.24054718017578
57.982479095458984
57.72370147705078
57.46421432495117
57.204017639160156
56.943115234375
56.68151092529297
56.41919708251953
56.15618133544922
55.892459869384766
55.62803649902344
55.362911224365234
55.097084045410156
54.83055877685547
54.56332778930664
54.29540252685547
54.02677536010742
53.75745391845703
53.48743438720703
53.21671676635742
52.94530487060547
52.673194885253906
52.400394439697266
52.12689971923828
51.85271453857422
51.57783508300781
51.30226516723633
51.0260009765625
50.749053955078125
50.471412658691406
50.193084716796875
49.91407012939453
49.63436508178711
49.35397720336914
49.07290267944336
48.79114532470703
48.50870132446289
48.22557830810547
47.941768646240234
47.65727996826172
47.372108459472656
47.08625411987305
46.79972457885742
46.512516021728516
46.22462463378906
45.936058044433594
45.64681625366211
45.35689926147461
45.06630325317383
44.7750358581543
44.48309326171875
44.19047546386719
43.89719009399414
43.60322952270508
43.308597564697266
43.0132942199707
42.717323303222656
42.42068099975586
42.123374938964844
41.82539749145508
41.52675247192383
41.22744369506836
40.92747116088867
40.6268310546875
40.32552719116211
40.0235595703125
39.72092819213867
39.41763687133789
39.113685607910156
38.8090705871582
38.5037956237793
38.1978645324707
37.891273498535156
37.584022521972656
37.276119232177734
36.96755599975586
36.6583366394043
36.34846496582031
36.03793716430664
35.72675323486328
35.414920806884766
35.10243225097656
34.7892951965332
34.47550582885742
34.161067962646484
33.845977783203125
33.53023910522461
33.2138557434082
32.896820068359375
32.579139709472656
32.26081466674805
31.94184112548828
31.62222671508789
31.301963806152344
30.981060028076172
30.659513473510742
30.337324142456055
30.014493942260742
29.691022872924805
29.366910934448242
29.04216194152832
28.716772079467773
28.390745162963867
28.0640811920166
27.736780166625977
27.408842086791992
27.08026885986328
26.751062393188477
26.421220779418945
26.090747833251953
25.759639739990234
25.427900314331055
25.095529556274414
24.762529373168945
24.428897857666016
24.094636917114258
23.759748458862305
23.424230575561523
23.08808708190918
22.75131607055664
22.41391944885254
22.075895309448242
21.73724937438965
21.397977828979492
21.058082580566406
20.717565536499023
20.37642478942871
20.034664154052734
19.692283630371094
19.349281311035156
19.005659103393555
18.661418914794922
18.316560745239258
17.971084594726562
17.62499237060547
17.278284072875977
16.930959701538086
16.583019256591797
16.234466552734375
15.885299682617188
15.535518646240234
15.185127258300781
14.834121704101562
14.48250675201416
14.130281448364258
13.777445793151855
13.42400074005127
13.069948196411133
12.715287208557129
12.36001968383789
12.004144668579102
11.647664070129395
11.290578842163086
10.93288803100586
10.574593544006348
10.215696334838867
9.856195449829102
9.496092796325684
9.135388374328613
8.774084091186523
8.412178993225098
8.049674034118652
7.68657112121582
7.322868347167969
6.958569049835205
6.593672752380371
6.228179931640625
5.862091064453125
5.4954071044921875
5.128128528594971
4.760256290435791
4.391790866851807
4.022732257843018
3.6530823707580566
3.2828402519226074
2.912008047103882
2.5405852794647217
2.1685731410980225
1.7959721088409424
1.4227826595306396
1.0490055084228516
0.674641489982605
0.299690842628479
-0.07584553956985474
0.4151409864425659
0.7889062166213989
1.161297082901001
1.5323152542114258
1.9019620418548584
2.2702388763427734
2.6371474266052246
3.0026888847351074
3.3668646812438965
3.7296762466430664
4.091125011444092
4.451212406158447
4.809940338134766
5.167309761047363
5.523322105407715
5.877978801727295
6.231281280517578
6.583230972290039
6.9338297843933105
7.283078193664551
7.630978584289551
7.977532386779785
8.322739601135254
8.666603088378906
9.009123802185059
9.350303649902344
9.690142631530762
10.028643608093262
10.36580753326416
10.701635360717773
11.036128997802734
11.369290351867676
11.701119422912598
12.03161907196045
12.36078929901123
12.68863296508789
13.01515007019043
13.34034252166748
13.664212226867676
13.986760139465332
14.307988166809082
14.627897262573242
14.946488380432129
15.263763427734375
15.579723358154297
15.894371032714844
16.207704544067383
16.519729614257812
16.8304443359375
17.13985252380371
17.447952270507812
17.75474739074707
18.060239791870117
18.364429473876953
18.66731834411621
18.96890640258789
19.269197463989258
19.568191528320312
19.865888595581055
20.16229248046875
20.45740509033203
20.751224517822266
21.04375457763672
21.33499526977539
21.624948501586914
21.913616180419922
22.201000213623047
22.487098693847656
22.77191734313965
23.05545425415039
23.337711334228516
23.61869239807129
23.898395538330078
24.17682456970215
24.4539794921875
24.729860305786133
25.004470825195312
25.277812957763672
25.549884796142578
25.820690155029297
26.090229034423828
26.358503341674805
26.62551498413086
26.891265869140625
27.15575408935547
27.41898536682129
27.680957794189453
27.941673278808594
28.201133728027344
28.459341049194336
28.71629524230957
28.971996307373047
29.226449966430664
29.47965431213379
29.731611251831055
29.982322692871094
30.231788635253906
30.480010986328125
30.726993560791016
30.972732543945312
31.21723175048828
31.460494995117188
31.70252227783203
31.943313598632812
32.18286895751953
32.42119216918945
32.65828323364258
32.894142150878906
33.12877655029297
33.362178802490234
33.594356536865234
33.82530975341797
34.05503845214844
34.283546447753906
34.51082992553711
34.73689651489258
34.96174240112305
35.18537139892578
35.40778350830078
35.62898254394531
35.84896469116211
36.0677375793457
36.28529739379883
36.50164794921875
36.716793060302734
36.93072509765625
37.143455505371094
37.35498046875
37.56529998779297
37.77442169189453
37.982337951660156
38.189056396484375
38.39457702636719
38.598899841308594
38.80202865600586
39.00395965576172
39.2047004699707
39.40424728393555
39.602603912353516
39.79977035522461
39.995750427246094
40.19054412841797
40.38414764404297
40.576568603515625
40.76780700683594
40.957862854003906
41.1467399597168
41.334434509277344
41.52095413208008
41.70629119873047
41.89045715332031
42.073448181152344
42.25526428222656
42.435909271240234
42.61538314819336
42.79368591308594
42.970821380615234
43.14678955078125
43.321590423583984
43.4952278137207
43.667701721191406
43.83901596069336
44.0091667175293
44.178157806396484
44.34598922729492
44.512664794921875
44.67818069458008
44.84254455566406
45.00575637817383
45.16781234741211
45.32872009277344
45.48847579956055
45.6470832824707
45.804542541503906
45.960853576660156
46.11602020263672
46.27004623413086
46.42292404174805
46.57466506958008
46.72526168823242
46.87472152709961
47.02304458618164
47.17022705078125
47.31627655029297
47.4611930847168
47.60497283935547
47.74761962890625
47.88914108276367
48.0295295715332
48.16878890991211
48.30691909790039
48.44392776489258
48.57980728149414
48.71456527709961
48.848201751708984
48.980712890625
49.11211013793945
49.24238204956055
49.37154006958008
49.49958038330078
49.626502990722656
49.752315521240234
49.877010345458984
50.00059509277344
50.123069763183594
50.24443435668945
50.36469268798828
50.48384094238281
50.60188293457031
50.71882247924805
50.83465576171875
50.94938659667969
51.06301498413086
51.17554473876953
51.2869758605957
51.397308349609375
51.50654220581055
51.61468505859375
51.72172927856445
51.82767868041992
51.93254089355469
52.03630828857422
52.13898849487305
52.240577697753906
52.34107971191406
52.440494537353516
52.53882598876953
52.636070251464844
52.732234954833984
52.82731628417969
52.92131423950195
53.01423645019531
53.1060791015625
53.196842193603516
53.286529541015625
53.375144958496094
53.462684631347656
53.54915237426758
53.634544372558594
53.718868255615234
53.8021240234375
53.88431167602539
53.965431213378906
54.04548263549805
54.124473571777344
54.202396392822266
54.279258728027344
54.35505676269531
54.4297981262207
54.50347900390625
54.57609939575195
54.64766311645508
54.71817398071289
54.787628173828125
54.85602569580078
54.92337417602539
54.98966979980469
55.05491638183594
55.119110107421875
55.18225860595703
55.24435806274414
55.30541229248047
55.365421295166016
55.42438888549805
55.4823112487793
55.53919219970703
55.59503173828125
55.64983367919922
55.70359802246094
55.75632095336914
55.80801010131836
55.858665466308594
55.908287048339844
55.95687484741211
56.00442886352539
56.05095291137695
56.0964469909668
56.14091491699219
56.18435287475586
56.226768493652344
56.26815414428711
56.30851745605469
56.34785842895508
56.386173248291016
56.42346954345703
56.459747314453125
56.4950065612793
56.52924728393555
56.562469482421875
56.59467697143555
56.62586975097656
56.65605163574219
56.685218811035156
56.713375091552734
56.74052047729492
56.76665496826172
56.79178237915039
56.81590270996094
56.839019775390625
56.86112976074219
56.88223648071289
56.90233612060547
56.92144012451172
56.93954086303711
56.956642150878906
56.97274398803711
56.98784637451172
57.001953125
57.01506805419922
57.027183532714844
57.03831100463867
57.04844284057617
57.05758285522461
57.065731048583984
57.07289505004883
57.07906723022461
57.084251403808594
57.08845138549805
57.09166717529297
57.09389877319336
57.09514617919922
57.09540939331055
57.094696044921875
57.09299850463867
57.09032440185547
57.086673736572266
57.0820426940918
57.076438903808594
57.06985855102539
57.06230545043945
57.05377960205078
57.04428482055664
57.033817291259766
57.022377014160156
57.009971618652344
56.99659729003906
56.98225784301758
56.966949462890625
56.950679779052734
56.93344497680664
56.91524887084961
56.89609146118164
56.875972747802734
56.85489273071289
56.832855224609375
56.80986022949219
56.785911560058594
56.76100540161133
56.735145568847656
56.70833206176758
56.680564880371094
56.65184783935547
56.62217712402344
56.59156036376953
56.559993743896484
56.52748107910156
56.494022369384766
56.45961380004883
56.42426681518555
56.38797378540039
56.350738525390625
56.31256103515625
56.273441314697266
56.23338317871094
56.19239044189453
56.150455474853516
56.10758590698242
56.06378173828125
56.01904296875
55.97336959838867
55.926761627197266
55.87922668457031
55.83075714111328
55.7813606262207
55.73103332519531
55.679779052734375
55.62759780883789
55.574493408203125
55.52046203613281
55.46550750732422
55.409629821777344
55.35282897949219
55.295108795166016
55.23646926879883
55.176910400390625
55.116432189941406
55.05503845214844
54.99272918701172
54.92950439453125
54.86536407470703
54.80031204223633
54.73434829711914
54.66747283935547
54.59968566894531
54.53099060058594
54.461387634277344
54.39087677001953
54.319461822509766
54.24713897705078
54.173912048339844
54.09978103637695
54.02474594116211
53.94881057739258
53.87197494506836
53.79423904418945
53.715606689453125
53.63607406616211
53.55564498901367
53.47431945800781
53.3921012878418
53.30898666381836
53.224979400634766
53.140079498291016
53.05428695678711
52.96760559082031
52.880035400390625
52.79157638549805
52.702232360839844
52.61199951171875
52.520877838134766
52.42887496948242
52.33598709106445
52.242218017578125
52.14756774902344
52.052032470703125
51.95561981201172
51.85832977294922
51.76015853881836
51.661109924316406
51.561187744140625
51.46038818359375
51.35871505737305
51.25616455078125
51.15274429321289
51.04845428466797
50.94329071044922
50.837257385253906
50.7303581237793
50.62258529663086
50.51395034790039
50.40444564819336
50.2940788269043
50.18284606933594
50.07074737548828
49.95779037475586
49.84396743774414
49.729286193847656
49.613746643066406
49.497344970703125
49.38008499145508
49.26197052001953
49.14299774169922
49.023170471191406
48.902488708496094
48.78095245361328
48.658565521240234
48.53532409667969
48.411231994628906
48.286293029785156
48.16050338745117
48.03386306762695
47.90637969970703
47.778045654296875
47.648868560791016
47.51884841918945
47.38798141479492
47.25627136230469
47.123722076416016
46.99032974243164
46.85609817504883
46.72102737426758
46.58511734008789
46.448368072509766
46.310787200927734
46.172367095947266
46.033111572265625
45.89302062988281
45.75210189819336
45.610347747802734
45.4677619934082
45.324344635009766
45.18009948730469
45.03502655029297
44.889122009277344
44.742393493652344
44.5948371887207
44.44645690917969
44.2972526550293
44.14722442626953
43.99637222290039
43.84469985961914
43.692203521728516
43.53889083862305
43.38475799560547
43.22980499267578
43.07403564453125
42.917449951171875
42.760047912597656
42.60183334350586
42.44280242919922
42.282958984375
42.1223030090332
41.96083450317383
41.79855728149414
41.635467529296875
41.4715690612793
41.30686569213867
41.141353607177734
40.975032806396484
40.80791091918945
