86.0
86.03122619983463
86.09367859950389
86.18735719900778
86.18735719900778
86.3122619983463
86.65575019652722
86.65575019652722
86.87433359536963
87.12414319404667
87.40517899255833
88.06092918908557
88.06092918908557
88.43564358710113
89.27875098263614
89.27875098263614
90.24676317750966
90.77760857469838
90.77760857469838
91.33968017172171
92.55750196527228
93.2132521617995
93.2132521617995
93.90022855816136
94.61843115435785
95.36785995038896
96.96039614195509
96.96039614195509
97.80350353749009
99.58339692806399
100.52018292310288
100.52018292310288
102.48743351268456
103.51789810722735
103.51789810722735
104.57958890160477
106.7966490898635
106.7966490898635
109.13861407746073
110.3564358710113
110.3564358710113
111.60548386439649
114.19725845067077
114.19725845067077
115.53998504355985
116.91393783628357
118.31911682884191
119.75552202123488
121.22315341346248
122.72201100552472
125.81340478915308
127.40594098071921
129.02970337211997
130.68469196335536
130.68469196335536
134.08834774533
135.83701493606927
137.61690832664317
137.61690832664317
139.4280279170517
143.1439456973727
145.0487438872851
146.98476827703215
148.95201886661383
150.95049565603014
152.9801986452811
155.04112783436668
155.04112783436668
159.2566648120417
159.2566648120417
161.41127260063115
165.81416677731397
165.81416677731397
170.34196575333533
170.34196575333533
174.99466952869517
174.99466952869517
177.36786071612704
182.2079216904947
184.67479147743046
184.67479147743046
184.64356527759583
182.14546929082545
182.14546929082545
179.6785995038897
174.83853852952205
172.46534734209018
172.46534734209018
170.12338235449295
167.81264356673034
165.53313097880238
163.284844590709
161.0677844024503
156.72734262543673
156.72734262543673
154.6039610366819
150.45087645867613
148.42117346942518
146.42269668000887
146.42269668000887
144.4554460904272
142.51942170068014
140.61462351076773
138.74105152068995
135.08758614003824
133.30769274946434
131.55902555872507
129.84158456782043
128.15536977675043
128.15536977675043
126.50038118551505
123.28408260254818
121.72277261081669
121.72277261081669
120.19268881891983
117.22619983463
117.22619983463
115.78979464223703
114.38461564967868
111.66793626406589
110.35643587101143
109.0761616777916
107.82711368440641
106.60929189085584
105.42269629713991
105.42269629713991
103.14318370921194
103.14318370921194
100.98857592062248
99.9581113260797
99.9581113260797
97.99086073649802
97.99086073649802
96.14851494625486
95.27418135088523
95.27418135088523
94.43107395535023
93.61919275964985
92.08910896775299
91.3709063715565
90.68392997519464
90.68392997519464
90.02817977866742
89.40365578197482
88.24828638809352
88.24828638809352
87.21782179355073
86.74942879603128
86.31226199834647
85.90632140049628
85.90632140049628
85.53160700248073
85.1881188042998
84.8758568059535
84.59482100744184
84.12642800992239
84.12642800992239
83.93907081091461
83.65803501240295
83.65803501240295
83.56435641289906
83.47067781339517
83.47067781339517
83.47067781339517
83.56435641289906
83.65803501240295
83.65803501240295
83.93907081091463
84.1264280099224
84.1264280099224
84.59482100744187
84.87585680595353
85.18811880429983
85.53160700248077
85.53160700248077
86.31226199834651
86.74942879603134
87.21782179355078
87.21782179355078
87.71744099090486
88.81035798511691
88.81035798511691
89.40365578197488
90.02817977866748
91.37090637155656
91.37090637155656
92.08910896775305
92.83853776378416
93.6191927596499
94.43107395535029
96.14851494625493
97.0540747414592
97.0540747414592
97.9908607364981
99.95811132607979
100.98857592062258
102.05026671499999
103.14318370921204
103.14318370921204
105.42269629714002